<strong><< OPTIMIZATION START >></strong>

                                            First-order      Norm of
 Iter F-count            f(x)  Feasibility   optimality         step
    0       7    4.016891e+00    0.000e+00    2.163e+03
    1      28    3.263259e+00    0.000e+00    1.998e+03    2.390e-03
    2      36    3.041789e+00    0.000e+00    1.819e+03    2.392e-03
    3      47    1.818788e+00    0.000e+00    2.456e+02    2.146e-03
    4      55    1.322782e+00    0.000e+00    5.741e+01    4.076e-03
    5      66    1.313716e+00    0.000e+00    1.684e+02    7.929e-03
    6      74    1.285242e+00    0.000e+00    1.575e+02    7.086e-03
    7      82    1.164960e+00    0.000e+00    1.512e+02    4.943e-01
    8      90    7.362917e-01    0.000e+00    1.237e+02    2.483e-01
    9      98    5.241563e-01    0.000e+00    1.564e+02    1.981e-01
   10     107    4.786741e-01    0.000e+00    1.325e+02    1.643e-01
   11     116    3.376942e-01    0.000e+00    7.243e+01    1.523e-01
   12     123    2.862303e-01    0.000e+00    7.111e+01    7.721e-02
   13     130    1.972708e-01    0.000e+00    4.712e+01    7.504e-02
   14     137    6.465858e-02    0.000e+00    7.173e+01    5.574e-02
   15     144    4.377367e-02    0.000e+00    1.636e+01    8.809e-02
   16     151    1.569850e-02    0.000e+00    1.427e+01    3.321e-02
   17     158    2.421336e-03    0.000e+00    1.503e+01    1.420e-02
   18     165    9.579378e-04    0.000e+00    3.642e+00    8.915e-03
   19     172    1.068391e-03    0.000e+00    2.161e+00    4.631e-03
   20     179    1.408905e-03    0.000e+00    3.061e+00    4.567e-03
   21     186    1.030420e-03    0.000e+00    8.884e-01    3.189e-03
   22     193    9.210730e-04    0.000e+00    1.802e-01    1.196e-03
   23     202    8.305618e-04    0.000e+00    3.770e-01    1.104e-03
   24     209    8.765505e-04    0.000e+00    1.472e-01    5.729e-04
   25     216    8.872000e-04    0.000e+00    2.491e-01    1.296e-04
   26     230    8.861059e-04    0.000e+00    7.182e-01    2.570e-05
   27     237    9.190251e-04    0.000e+00    3.362e-01    3.925e-04
   28     245    9.178855e-04    0.000e+00    9.382e-01    6.623e-05
   29     252    9.053668e-04    0.000e+00    4.635e-01    1.338e-04
   30     259    8.638004e-04    0.000e+00    5.456e-01    4.628e-04

                                            First-order      Norm of
 Iter F-count            f(x)  Feasibility   optimality         step
   31     266    8.895152e-04    0.000e+00    1.000e-01    3.023e-04
   32     273    1.879314e-04    0.000e+00    5.820e+00    1.163e-02
   33     280    3.608335e-05    0.000e+00    2.128e+00    6.104e-03
   34     287    4.664055e-05    0.000e+00    8.122e-01    1.358e-03
   35     294    4.760762e-05    0.000e+00    3.005e-01    2.689e-04
   36     301    4.435712e-05    0.000e+00    1.983e-01    1.067e-04
   37     308    4.220647e-05    0.000e+00    1.297e-01    9.134e-05
   38     316    4.228169e-05    0.000e+00    1.202e-01    1.185e-05
   39     323    4.219388e-05    0.000e+00    6.052e-02    9.355e-06
   40     330    4.205089e-05    0.000e+00    7.641e-02    5.345e-06
   41     338    4.188621e-05    0.000e+00    4.737e-01    2.005e-05
   42     345    4.190936e-05    0.000e+00    3.628e-01    2.056e-05
   43     352    4.200104e-05    0.000e+00    9.554e-02    8.309e-05
   44     359    4.202531e-05    0.000e+00    1.517e-01    1.345e-05
   45     367    4.831365e-05    0.000e+00    2.451e+00    8.297e-04
   46     378    4.659343e-05    0.000e+00    2.278e+00    7.535e-06
   47     389    4.273808e-05    0.000e+00    8.421e-01    3.036e-05
   48     398    5.014382e-05    0.000e+00    2.876e+00    8.282e-04
   49     409    4.532341e-05    0.000e+00    4.160e-01    1.561e-05
   50     425    4.478418e-05    0.000e+00    1.425e+00    4.587e-05
   51     439    4.390945e-05    0.000e+00    1.450e+00    1.379e-05
   52     447    4.317984e-05    0.000e+00    1.574e+00    1.270e-05
   53     458    4.214943e-05    0.000e+00    2.272e+00    2.417e-05
   54     466    4.276044e-05    0.000e+00    2.253e+00    2.586e-05
   55     476    4.733413e-05    0.000e+00    1.648e+00    1.596e-04
   56     483    4.112445e-05    0.000e+00    2.123e-01    1.764e-04
   57     490    4.126932e-05    0.000e+00    1.362e-01    1.708e-05
   58     497    4.171239e-05    0.000e+00    2.700e-01    2.517e-05
   59     505    4.753779e-05    0.000e+00    2.149e+00    3.118e-04
   60     519    4.695524e-05    0.000e+00    2.565e+00    6.269e-05

                                            First-order      Norm of
 Iter F-count            f(x)  Feasibility   optimality         step
   61     527    4.489824e-05    0.000e+00    2.233e+00    7.875e-05
   62     536    3.837048e-05    0.000e+00    3.381e-01    2.790e-04
   63     543    4.098417e-05    0.000e+00    7.797e-02    1.278e-04
   64     550    4.206210e-05    0.000e+00    5.822e-02    4.419e-05
   65     557    4.216209e-05    0.000e+00    6.724e-02    3.972e-06
   66     564    4.246855e-05    0.000e+00    7.560e-02    2.176e-05
   67     571    4.397955e-05    0.000e+00    4.052e-01    1.347e-04
   68     578    4.671349e-05    0.000e+00    5.599e-01    2.134e-04
   69     585    4.546862e-05    0.000e+00    3.638e-01    7.138e-06
   70     595    4.285570e-05    0.000e+00    2.325e-01    6.467e-05
   71     607    4.292138e-05    0.000e+00    1.967e-01    5.649e-06
   72     615    4.310642e-05    0.000e+00    2.210e-01    6.056e-06
   73     622    4.371060e-05    0.000e+00    2.299e-01    2.192e-05
   74     629    4.407478e-05    0.000e+00    2.182e-01    1.997e-05
   75     637    4.422436e-05    0.000e+00    1.736e-01    2.444e-05
   76     651    4.419842e-05    0.000e+00    1.786e-01    5.945e-06
   77     658    4.310422e-05    0.000e+00    2.792e-01    4.651e-05
   78     665    4.245318e-05    0.000e+00    7.663e-01    3.215e-05
   79     672    4.186580e-05    0.000e+00    2.922e-01    1.819e-05
   80     679    4.171809e-05    0.000e+00    2.078e-01    4.286e-06
   81     686    3.972560e-05    0.000e+00    3.451e-01    6.830e-05
   82     693    4.069669e-05    0.000e+00    1.025e-01    5.245e-05
   83     702    4.487819e-05    0.000e+00    5.411e-01    2.159e-04
   84     709    4.188090e-05    0.000e+00    9.835e-02    1.443e-04
   85     716    4.193454e-05    0.000e+00    1.627e-01    1.109e-05
   86     723    4.274785e-05    0.000e+00    3.412e-01    7.367e-05
   87     730    4.313361e-05    0.000e+00    2.733e-01    4.310e-05
   88     737    4.274302e-05    0.000e+00    1.618e-01    1.159e-05
   89     744    3.997318e-05    0.000e+00    5.458e-01    1.375e-04
   90     751    3.929884e-05    0.000e+00    1.121e+00    4.018e-05

                                            First-order      Norm of
 Iter F-count            f(x)  Feasibility   optimality         step
   91     758    4.161512e-05    0.000e+00    4.102e-02    1.441e-04
   92     765    4.145128e-05    0.000e+00    6.356e-02    7.301e-06
   93     772    4.143104e-05    0.000e+00    8.446e-02    4.163e-06
   94     779    4.155965e-05    0.000e+00    5.570e-01    4.817e-05
   95     792    4.159456e-05    0.000e+00    3.046e-01    5.827e-06
   96     799    4.166542e-05    0.000e+00    6.151e-02    1.099e-05
   97     809    4.175390e-05    0.000e+00    3.659e-01    9.951e-06
   98     826    4.174928e-05    0.000e+00    1.643e-01    1.833e-07
   99     837    4.174655e-05    0.000e+00    3.649e-02    1.409e-07
  100     844    4.146287e-05    0.000e+00    2.893e-02    3.050e-06
  101     851    4.127745e-05    0.000e+00    9.203e-02    6.675e-06
  102     858    4.124760e-05    0.000e+00    1.500e-01    1.540e-06
  103     865    4.099423e-05    0.000e+00    5.257e-01    2.366e-05
  104     874    4.105555e-05    0.000e+00    4.016e-01    3.878e-06
  105     881    4.134923e-05    0.000e+00    6.699e-02    1.019e-05
  106     888    4.138841e-05    0.000e+00    8.061e-02    4.673e-06
  107     897    4.196143e-05    0.000e+00    8.440e-01    4.301e-05
  108     904    4.145519e-05    0.000e+00    2.665e-01    1.884e-05
  109     912    4.141870e-05    0.000e+00    1.387e-01    3.461e-06
  110     919    4.141876e-05    0.000e+00    2.923e-02    2.802e-06
  111     926    4.139378e-05    0.000e+00    8.056e-02    4.339e-06
  112     938    4.135492e-05    0.000e+00    4.385e-01    4.676e-06
  113     946    4.136973e-05    0.000e+00    4.566e-01    4.031e-06
  114     954    4.149685e-05    0.000e+00    1.495e-01    6.124e-06
  115     961    4.154083e-05    0.000e+00    9.622e-02    2.398e-05
  116     980    4.153981e-05    0.000e+00    7.261e-02    7.509e-09

<a href = "matlab: helpview('optim','feasible_better_objective','CSHelpWindow');">Feasible point with lower objective function value found</a>.


Optimization stopped because the <a href = "matlab: helpview('optim','norm_curr_step_fminconip','CSHelpWindow');">relative changes in all elements of x</a> are
less than <a href = "matlab: helpview('optim','tolx','CSHelpWindow');">options.StepTolerance</a> = 1.000000e-10, and the relative maximum constraint
violation, 0.000000e+00, is less than <a href = "matlab: helpview('optim','tol_con','CSHelpWindow');">options.ConstraintTolerance</a> = 1.000000e-06.

<strong><< OPTIMIZATION COMPLETE >></strong>

Optimization Processing Time:
Total                = 13.6766 seconds
Avg. per Iteration   = 0.1159 seconds
Avg. per Func. Eval. = 0.0138 seconds

<strong>> Table 1 - States</strong>
                         <strong>Value</strong> 
                        <strong>_______</strong>

    <strong>1) xe    [m]    </strong>     0.0000
    <strong>2) ye    [m]    </strong>     0.0000
    <strong>3) ze    [m]    </strong>    -5.0000
    <strong>4) u     [m/s]  </strong>    54.9997
    <strong>5) v     [m/s]  </strong>     0.0000
    <strong>6) w     [m/s]  </strong>     0.0543
    <strong>7) phi   [deg]  </strong>     0.0000
    <strong>8) theta [deg]  </strong>     0.0587
    <strong>9) psi   [deg]  </strong>     0.0000
    <strong>10) p    [deg/s]</strong>     0.0000
    <strong>11) q    [deg/s]</strong>     0.0000
    <strong>12) r    [deg/s]</strong>     0.0000


<strong>> Table 2 - Control Inputs</strong>
                           <strong>Value</strong> 
                          <strong>_______</strong>

    <strong>1) dAileron  [deg]</strong>     0.0000
    <strong>2) dRudder   [deg]</strong>     0.0000
    <strong>3) dElevator [deg]</strong>    -1.0504
    <strong>4) dFlap     [deg]</strong>    12.0000
    <strong>5) DEP_col   [deg]</strong>     0.4565
    <strong>6) DEP_slope [deg]</strong>     0.0000
    <strong>7) HTU       [deg]</strong>     0.0287


<strong>> Table 3 - Accelerations</strong>
                             <strong>Value</strong> 
                            <strong>_______</strong>

    <strong>1) xedot    [m/s]   </strong>    54.9997
    <strong>2) yedot    [m/s]   </strong>     0.0000
    <strong>3) zedot    [m/s]   </strong>    -0.0021
    <strong>4) udot     [m/s2]  </strong>     0.0061
    <strong>5) vdot     [m/s2]  </strong>     0.0000
    <strong>6) wdot     [m/s2]  </strong>    -0.0000
    <strong>7) phidot   [deg/s] </strong>     0.0000
    <strong>8) thetadot [deg/s] </strong>     0.0000
    <strong>9) psidot   [deg/s] </strong>     0.0000
    <strong>10) pdot    [deg/s2]</strong>     0.0000
    <strong>11) qdot    [deg/s2]</strong>     0.0003
    <strong>12) rdot    [deg/s2]</strong>     0.0000

