<strong><< OPTIMIZATION START >></strong>

                                            First-order      Norm of
 Iter F-count            f(x)  Feasibility   optimality         step
    0       7    2.447428e+02    0.000e+00    1.089e+04
    1      23    2.229172e+02    0.000e+00    9.824e+03    7.651e-02
    2      34    8.353694e+01    0.000e+00    1.278e+03    7.565e-02
    3      43    5.074642e+01    0.000e+00    3.892e+03    7.655e-02
    4      52    4.953644e+01    0.000e+00    3.548e+03    1.457e-01
    5      61    1.873958e+01    0.000e+00    5.833e+02    1.107e-01
    6      68    3.408963e-01    0.000e+00    5.513e+02    1.772e-01
    7      75    6.316108e-02    0.000e+00    1.824e+02    1.508e-01
    8      84    3.234094e-02    0.000e+00    1.390e+02    1.323e-01
    9      92    1.384760e-02    0.000e+00    7.149e+01    1.040e-02
   10     100    9.515447e-03    0.000e+00    2.639e+01    8.526e-02
   11     107    5.284374e-03    0.000e+00    7.380e+00    3.955e-02
   12     117    2.501691e-03    0.000e+00    7.672e+00    9.894e-04
   13     124    1.857441e-03    0.000e+00    7.746e+00    1.627e-03
   14     131    2.332038e-03    0.000e+00    3.930e+00    2.056e-03
   15     138    1.943239e-03    0.000e+00    2.992e+00    1.260e-03
   16     148    1.673498e-03    0.000e+00    5.191e+00    8.069e-04
   17     155    1.525885e-03    0.000e+00    5.176e+00    7.182e-04
   18     162    1.678777e-03    0.000e+00    2.935e+00    1.041e-03
   19     170    1.923798e-03    0.000e+00    2.359e+00    1.037e-04
   20     187    1.921305e-03    0.000e+00    8.375e-01    5.751e-06
   21     204    1.921303e-03    0.000e+00    9.724e-01    1.796e-07
   22     212    1.921310e-03    0.000e+00    9.724e-01    1.910e-08
   23     226    1.921273e-03    0.000e+00    1.779e+00    4.493e-08
   24     237    1.921206e-03    0.000e+00    1.167e+00    3.112e-07
   25     245    1.921227e-03    0.000e+00    8.623e-01    5.812e-08
   26     252    1.992097e-03    0.000e+00    6.941e-01    2.381e-04
   27     259    2.077881e-03    0.000e+00    1.961e+00    1.759e-05
   28     271    2.077817e-03    0.000e+00    2.201e+00    4.941e-07
   29     282    2.077499e-03    0.000e+00    2.074e+00    7.154e-07
   30     293    2.077419e-03    0.000e+00    1.724e+00    7.153e-07

                                            First-order      Norm of
 Iter F-count            f(x)  Feasibility   optimality         step
   31     300    2.071213e-03    0.000e+00    1.336e+00    3.316e-05
   32     309    2.069817e-03    0.000e+00    4.405e-01    8.515e-06
   33     316    3.949824e-04    0.000e+00    5.548e+00    1.088e-02
   34     323    4.268593e-04    0.000e+00    3.738e+00    4.024e-04
   35     330    4.279190e-04    0.000e+00    4.352e+00    7.965e-05
   36     337    4.193135e-04    0.000e+00    2.929e+00    3.612e-04
   37     347    4.137699e-04    0.000e+00    6.985e-01    1.664e-04
   38     354    3.898952e-04    0.000e+00    1.561e+00    2.250e-04
   39     361    3.743911e-04    0.000e+00    1.211e+00    2.002e-04
   40     368    3.775900e-04    0.000e+00    1.240e+00    4.149e-05
   41     375    3.964318e-04    0.000e+00    2.186e+00    2.043e-04
   42     382    3.915751e-04    0.000e+00    1.341e+00    4.828e-05
   43     389    3.769468e-04    0.000e+00    1.975e+00    1.384e-04
   44     396    3.673566e-04    0.000e+00    2.088e+00    8.018e-05
   45     403    3.156252e-04    0.000e+00    7.699e-01    3.881e-04
   46     410    3.441944e-04    0.000e+00    2.612e+00    3.289e-04
   47     417    3.544136e-04    0.000e+00    1.426e+00    1.754e-04
   48     424    3.557861e-04    0.000e+00    1.281e+00    8.602e-05
   49     431    3.394027e-04    0.000e+00    1.767e+00    2.059e-04
   50     438    2.765969e-04    0.000e+00    2.969e+00    2.345e-04
   51     445    2.063027e-04    0.000e+00    3.312e+00    9.122e-05
   52     452    1.138256e-04    0.000e+00    2.917e+00    3.027e-04
   53     459    1.119448e-04    0.000e+00    1.878e+00    9.850e-05
   54     466    1.054171e-04    0.000e+00    8.564e-01    1.078e-04
   55     475    1.088076e-04    0.000e+00    8.873e-01    7.823e-05
   56     482    1.070058e-04    0.000e+00    4.817e-01    4.089e-05
   57     489    1.066277e-04    0.000e+00    4.896e-01    6.129e-06
   58     505    1.065714e-04    0.000e+00    9.766e-01    7.053e-07
   59     513    1.066065e-04    0.000e+00    1.007e+00    7.089e-07
   60     524    1.059841e-04    0.000e+00    1.112e+00    3.011e-06

                                            First-order      Norm of
 Iter F-count            f(x)  Feasibility   optimality         step
   61     532    1.061282e-04    0.000e+00    1.597e+00    2.880e-06
   62     539    1.093770e-04    0.000e+00    5.223e-01    6.566e-05
   63     546    1.056196e-04    0.000e+00    1.484e+00    9.751e-05
   64     559    1.055780e-04    0.000e+00    4.986e-01    5.261e-07
   65     567    1.056001e-04    0.000e+00    4.985e-01    6.413e-07
   66     574    1.087856e-04    0.000e+00    1.137e+00    5.875e-05
   67     581    1.132358e-04    0.000e+00    1.157e+00    7.740e-05
   68     591    1.137969e-04    0.000e+00    4.629e-01    1.313e-05
   69     598    1.114034e-04    0.000e+00    4.338e-01    4.985e-05
   70     605    1.056221e-04    0.000e+00    1.293e+00    9.134e-05
   71     614    9.799764e-05    0.000e+00    8.849e-01    1.257e-04
   72     621    9.995504e-05    0.000e+00    1.185e+00    4.746e-05
   73     629    1.082870e-04    0.000e+00    1.523e-01    1.907e-04
   74     636    1.058917e-04    0.000e+00    7.594e-01    7.029e-05
   75     643    1.039095e-04    0.000e+00    3.700e-01    5.764e-05
   76     650    9.776835e-05    0.000e+00    9.338e-01    1.865e-04
   77     657    9.764180e-05    0.000e+00    6.167e-01    2.211e-05
   78     664    1.049481e-04    0.000e+00    4.418e-01    2.446e-04
   79     671    1.065538e-04    0.000e+00    4.464e-01    1.577e-05
   80     678    1.108263e-04    0.000e+00    5.888e-01    7.456e-05
   81     685    1.068549e-04    0.000e+00    8.071e-01    8.126e-05
   82     695    9.044324e-05    0.000e+00    1.712e+00    4.035e-04
   83     702    9.986344e-05    0.000e+00    8.794e-01    3.004e-04
   84     710    1.010805e-04    0.000e+00    1.011e+00    2.960e-05
   85     718    1.048196e-04    0.000e+00    2.258e-01    9.216e-05
   86     725    1.037822e-04    0.000e+00    4.942e-01    2.277e-05
   87     736    1.037320e-04    0.000e+00    4.123e-01    1.455e-07
   88     744    1.015852e-04    0.000e+00    1.059e+00    4.244e-05
   89     755    1.014078e-04    0.000e+00    9.573e-01    4.766e-07
   90     763    9.638983e-05    0.000e+00    5.541e-01    7.389e-05

                                            First-order      Norm of
 Iter F-count            f(x)  Feasibility   optimality         step
   91     770    9.818486e-05    0.000e+00    3.700e-01    3.031e-05
   92     777    9.830792e-05    0.000e+00    4.272e-01    4.417e-06
   93     784    9.840136e-05    0.000e+00    2.541e-01    1.700e-05
   94     794    9.781156e-05    0.000e+00    6.797e-01    1.998e-06
   95     812    9.780112e-05    0.000e+00    5.881e-01    1.834e-07
   96     819    1.139587e-04    0.000e+00    4.619e-01    7.065e-05
   97     826    1.029956e-04    0.000e+00    3.204e-01    1.134e-04
   98     833    9.985788e-05    0.000e+00    7.158e-01    1.011e-05
   99     841    9.012292e-05    0.000e+00    1.062e+00    1.860e-05
  100     848    9.390490e-05    0.000e+00    2.498e-01    4.657e-05
  101     857    9.774811e-05    0.000e+00    3.963e-01    5.101e-06
  102     864    9.835244e-05    0.000e+00    8.942e-01    2.465e-05
  103     871    1.038714e-04    0.000e+00    8.761e-01    2.020e-04
  104     879    1.055653e-04    0.000e+00    5.411e-01    1.712e-04
  105     886    1.005434e-04    0.000e+00    2.773e-01    1.410e-04
  106     894    8.680970e-05    0.000e+00    1.903e-01    3.939e-04
  107     901    9.246919e-05    0.000e+00    2.786e-01    8.982e-05
  108     908    9.735682e-05    0.000e+00    1.567e-01    3.331e-05
  109     915    9.376509e-05    0.000e+00    3.438e-01    1.072e-05
  110     922    9.016361e-05    0.000e+00    4.481e-01    1.945e-05
  111     929    8.998406e-05    0.000e+00    3.310e-01    2.959e-06
  112     936    9.456242e-05    0.000e+00    1.956e-01    1.025e-05
  113     943    9.615549e-05    0.000e+00    3.695e-01    7.319e-06
  114     952    1.010307e-04    0.000e+00    2.619e-01    1.022e-05
  115     959    9.597184e-05    0.000e+00    8.447e-02    1.481e-05
  116     967    9.372114e-05    0.000e+00    1.145e+00    2.643e-06

<a href = "matlab: helpview('optim','feasible_better_objective','CSHelpWindow');">Feasible point with lower objective function value found</a>.


Optimization stopped because the <a href = "matlab: helpview('optim','norm_curr_step_fminconip','CSHelpWindow');">relative changes in all elements of x</a> are
less than <a href = "matlab: helpview('optim','tolx','CSHelpWindow');">options.StepTolerance</a> = 1.000000e-10, and the relative maximum constraint
violation, 0.000000e+00, is less than <a href = "matlab: helpview('optim','tol_con','CSHelpWindow');">options.ConstraintTolerance</a> = 1.000000e-06.

<strong><< OPTIMIZATION COMPLETE >></strong>

Optimization Processing Time:
Total                = 13.4788 seconds
Avg. per Iteration   = 0.1142 seconds
Avg. per Func. Eval. = 0.0137 seconds

<strong>> Table 1 - States</strong>
                         <strong>Value</strong> 
                        <strong>_______</strong>

    <strong>1) xe    [m]    </strong>     0.0000
    <strong>2) ye    [m]    </strong>     0.0000
    <strong>3) ze    [m]    </strong>    -5.0000
    <strong>4) u     [m/s]  </strong>    69.8285
    <strong>5) v     [m/s]  </strong>     0.0000
    <strong>6) w     [m/s]  </strong>    -4.8706
    <strong>7) phi   [deg]  </strong>     0.0000
    <strong>8) theta [deg]  </strong>    -3.9844
    <strong>9) psi   [deg]  </strong>     0.0000
    <strong>10) p    [deg/s]</strong>     0.0000
    <strong>11) q    [deg/s]</strong>     0.0000
    <strong>12) r    [deg/s]</strong>     0.0000


<strong>> Table 2 - Control Inputs</strong>
                           <strong>Value</strong> 
                          <strong>_______</strong>

    <strong>1) dAileron  [deg]</strong>     0.0000
    <strong>2) dRudder   [deg]</strong>     0.0000
    <strong>3) dElevator [deg]</strong>     4.7164
    <strong>4) dFlap     [deg]</strong>    12.0000
    <strong>5) DEP_col   [deg]</strong>     0.0000
    <strong>6) DEP_slope [deg]</strong>     0.0000
    <strong>7) HTU       [deg]</strong>     0.5976


<strong>> Table 3 - Accelerations</strong>
                             <strong>Value</strong> 
                            <strong>_______</strong>

    <strong>1) xedot    [m/s]   </strong>    69.9982
    <strong>2) yedot    [m/s]   </strong>     0.0000
    <strong>3) zedot    [m/s]   </strong>    -0.0068
    <strong>4) udot     [m/s2]  </strong>    -0.0057
    <strong>5) vdot     [m/s2]  </strong>     0.0000
    <strong>6) wdot     [m/s2]  </strong>    -0.0007
    <strong>7) phidot   [deg/s] </strong>     0.0000
    <strong>8) thetadot [deg/s] </strong>     0.0000
    <strong>9) psidot   [deg/s] </strong>     0.0000
    <strong>10) pdot    [deg/s2]</strong>     0.0000
    <strong>11) qdot    [deg/s2]</strong>     0.0147
    <strong>12) rdot    [deg/s2]</strong>     0.0000

