<strong><< OPTIMIZATION START >></strong>

                                            First-order      Norm of
 Iter F-count            f(x)  Feasibility   optimality         step
    0       7    3.753169e+01    0.000e+00    1.760e+03
    1      23    1.789118e+01    0.000e+00    8.584e+02    1.752e-02
    2      31    1.562871e+01    0.000e+00    7.092e+02    2.475e-02
    3      40    9.427622e+00    0.000e+00    1.557e+03    2.517e-01
    4      47    5.947847e+00    0.000e+00    1.514e+03    7.760e-01
    5      54    5.110111e+00    0.000e+00    7.046e+02    9.733e-02
    6      61    2.497324e+00    0.000e+00    3.595e+02    1.296e+00
    7      72    1.497008e+00    0.000e+00    1.128e+02    4.595e-02
    8      83    7.116183e-01    0.000e+00    1.531e+02    9.669e-03
    9      94    6.966537e-01    0.000e+00    2.773e+01    3.379e-03
   10     108    8.633007e-01    0.000e+00    9.022e+01    1.783e-02
   11     115    5.613730e-01    0.000e+00    6.736e+01    2.732e-02
   12     122    4.072337e-01    0.000e+00    1.664e+02    7.797e-01
   13     129    7.960138e-02    0.000e+00    8.347e+01    1.922e-01
   14     139    1.421537e-01    0.000e+00    3.827e+01    3.623e-02
   15     148    6.940091e-02    0.000e+00    1.039e+02    1.664e-01
   16     157    4.536912e-02    0.000e+00    1.353e+02    1.020e-01
   17     166    4.399991e-02    0.000e+00    2.710e+01    8.548e-02
   18     175    3.049778e-02    0.000e+00    7.611e+01    7.071e-02
   19     182    2.962688e-02    0.000e+00    8.580e+00    2.573e-02
   20     189    2.773684e-02    0.000e+00    5.602e+01    1.353e-02
   21     199    4.898047e-02    0.000e+00    1.136e+02    1.097e-02
   22     206    2.347720e-02    0.000e+00    2.234e+01    2.756e-02
   23     213    9.582696e-03    0.000e+00    9.008e+01    1.649e-02
   24     220    6.292929e-03    0.000e+00    6.413e+01    2.881e-02
   25     227    5.125124e-03    0.000e+00    2.312e+01    2.952e-02
   26     234    2.225361e-03    0.000e+00    2.312e+01    1.070e-02
   27     241    6.511554e-02    0.000e+00    7.663e+00    5.896e-02
   28     248    1.749098e-02    0.000e+00    3.195e+01    2.409e-02
   29     255    1.331417e-02    0.000e+00    4.385e+01    2.676e-02
   30     262    5.053928e-03    0.000e+00    2.383e+01    4.538e-03

                                            First-order      Norm of
 Iter F-count            f(x)  Feasibility   optimality         step
   31     274    4.477237e-03    0.000e+00    2.867e+01    3.586e-03
   32     282    2.352663e-03    0.000e+00    2.603e+01    6.920e-03
   33     289    1.551250e-03    0.000e+00    6.810e+00    9.080e-03
   34     297    3.116064e-03    0.000e+00    9.227e+00    3.096e-03
   35     304    1.738244e-03    0.000e+00    8.122e+00    7.633e-03
   36     311    1.302986e-03    0.000e+00    2.251e+01    1.742e-02
   37     318    1.916878e-03    0.000e+00    2.285e+01    8.492e-03
   38     325    1.293174e-02    0.000e+00    2.164e+01    7.151e-02
   39     332    4.736889e-03    0.000e+00    1.455e+01    6.546e-03
   40     339    2.766669e-03    0.000e+00    9.944e+00    3.020e-02
   41     346    7.255485e-03    0.000e+00    1.664e+01    5.245e-02
   42     353    3.200733e-03    0.000e+00    2.980e+01    5.122e-02
   43     360    5.400119e-04    0.000e+00    6.355e+00    1.005e-02
   44     367    4.009555e-04    0.000e+00    5.874e+00    1.473e-02
   45     376    2.378057e-03    0.000e+00    1.936e+01    2.329e-02
   46     389    3.782988e-03    0.000e+00    1.432e+01    9.859e-03
   47     399    3.531876e-03    0.000e+00    1.267e+01    7.953e-03
   48     406    2.492656e-03    0.000e+00    1.045e+01    1.691e-02
   49     413    2.253566e-03    0.000e+00    2.320e+00    1.320e-02
   50     420    1.118946e-03    0.000e+00    3.879e+00    8.183e-03
   51     434    1.046983e-03    0.000e+00    1.541e+00    1.341e-04
   52     442    9.840619e-04    0.000e+00    1.281e+00    2.443e-04
   53     449    6.780616e-04    0.000e+00    1.893e+00    3.096e-04
   54     456    5.651549e-04    0.000e+00    9.210e-01    1.140e-03
   55     469    4.912908e-04    0.000e+00    4.457e-01    1.551e-04
   56     477    4.484873e-04    0.000e+00    1.687e-01    5.695e-04
   57     484    3.885916e-04    0.000e+00    1.058e+00    2.855e-04
   58     492    3.688871e-04    0.000e+00    2.420e+00    6.865e-04
   59     499    3.912195e-04    0.000e+00    4.142e-01    3.429e-04
   60     506    3.618000e-04    0.000e+00    1.174e+00    6.275e-05

                                            First-order      Norm of
 Iter F-count            f(x)  Feasibility   optimality         step
   61     513    3.601062e-04    0.000e+00    1.488e-01    2.516e-04
   62     520    3.668696e-04    0.000e+00    1.124e+00    5.167e-04
   63     527    3.844964e-04    0.000e+00    4.126e+00    2.260e-03
   64     540    4.560944e-04    0.000e+00    2.737e+00    6.903e-04
   65     547    6.790142e-04    0.000e+00    4.606e+00    4.797e-03
   66     554    3.864158e-04    0.000e+00    1.521e+00    3.706e-03
   67     561    3.565934e-04    0.000e+00    1.222e+00    1.086e-03
   68     568    3.437692e-04    0.000e+00    3.128e+00    3.244e-03
   69     575    3.545075e-04    0.000e+00    3.115e+00    1.818e-03
   70     584    7.369481e-04    0.000e+00    5.793e+00    7.662e-03
   71     591    4.743833e-04    0.000e+00    2.849e+00    5.288e-03
   72     598    4.138389e-04    0.000e+00    5.721e-01    2.623e-03
   73     605    4.906621e-04    0.000e+00    3.093e+00    4.172e-03
   74     612    7.432273e-04    0.000e+00    6.413e+00    3.513e-03
   75     622    1.283499e-03    0.000e+00    1.216e+01    4.620e-03
   76     629    8.699914e-04    0.000e+00    5.761e+00    4.635e-03
   77     636    7.753481e-04    0.000e+00    1.883e+00    1.670e-03
   78     643    7.846541e-04    0.000e+00    1.552e+00    5.003e-04
   79     650    1.553829e-03    0.000e+00    8.647e+00    5.883e-03
   80     658    1.087449e-03    0.000e+00    3.862e+00    2.725e-03
   81     665    9.600752e-04    0.000e+00    3.349e+00    2.288e-03
   82     672    8.535426e-04    0.000e+00    5.992e+00    2.328e-03
   83     686    8.235648e-04    0.000e+00    3.622e+00    3.291e-04
   84     694    8.216549e-04    0.000e+00    3.014e+00    2.132e-04
   85     701    7.806588e-04    0.000e+00    3.492e+00    4.183e-04
   86     708    7.075971e-04    0.000e+00    1.395e+00    4.537e-03
   87     715    7.274450e-04    0.000e+00    5.465e+00    4.878e-03
   88     722    6.998160e-04    0.000e+00    8.717e-01    1.299e-03
   89     729    6.863674e-04    0.000e+00    7.600e-01    2.428e-04
   90     742    6.847979e-04    0.000e+00    3.874e-01    1.218e-05

                                            First-order      Norm of
 Iter F-count            f(x)  Feasibility   optimality         step
   91     749    6.731145e-04    0.000e+00    7.653e-01    2.862e-04
   92     756    6.688969e-04    0.000e+00    7.063e-01    3.459e-04
   93     763    6.705848e-04    0.000e+00    1.837e+00    1.434e-03
   94     771    7.990481e-04    0.000e+00    2.817e+00    2.433e-03
   95     778    8.631479e-04    0.000e+00    1.114e+01    1.715e-03
   96     785    6.544021e-04    0.000e+00    3.143e+00    3.157e-03
   97     792    8.381624e-04    0.000e+00    5.692e+00    5.822e-03
   98     799    6.135927e-04    0.000e+00    1.570e+00    3.014e-03
   99     806    5.838743e-04    0.000e+00    1.592e+00    4.732e-04
  100     813    5.579216e-04    0.000e+00    1.873e+00    3.072e-04
  101     821    6.880060e-04    0.000e+00    3.333e+00    2.518e-03
  102     828    5.642577e-04    0.000e+00    2.221e+00    1.523e-03
  103     835    5.858128e-04    0.000e+00    1.842e+00    1.705e-03
  104     842    9.040058e-04    0.000e+00    3.639e+00    4.555e-03
  105     849    6.313772e-04    0.000e+00    2.209e+00    2.974e-03
  106     856    5.985525e-04    0.000e+00    2.681e+00    1.998e-04
  107     866    4.624492e-04    0.000e+00    3.636e-01    1.131e-03
  108     873    4.655727e-04    0.000e+00    6.984e-01    9.935e-04
  109     880    4.591488e-04    0.000e+00    1.002e+00    1.268e-03
  110     887    6.871465e-04    0.000e+00    9.294e+00    7.429e-03
  111     900    9.629614e-04    0.000e+00    4.486e+00    2.943e-03
  112     908    8.550411e-04    0.000e+00    1.784e+00    9.089e-03
  113     915    3.426783e-04    0.000e+00    1.365e+00    1.269e-02
  114     922    2.900696e-04    0.000e+00    1.325e+00    2.626e-03
  115     929    2.522150e-04    0.000e+00    1.437e+00    1.214e-03
  116     936    2.246656e-04    0.000e+00    2.038e+00    2.489e-03
  117     943    2.196751e-04    0.000e+00    9.553e-01    9.921e-04
  118     954    4.986310e-04    0.000e+00    1.467e+00    1.088e-03
  119     962    3.470767e-04    0.000e+00    1.345e+00    2.162e-03
  120     972    3.162135e-04    0.000e+00    1.435e+00    9.979e-04

                                            First-order      Norm of
 Iter F-count            f(x)  Feasibility   optimality         step
  121     979    4.236668e-04    0.000e+00    7.688e-01    5.506e-03
  122     986    2.352862e-04    0.000e+00    1.014e+00    3.066e-03
  123     993    2.168082e-04    0.000e+00    9.287e-01    3.593e-04
  124    1000    2.076537e-04    0.000e+00    1.987e+00    3.886e-04
  125    1007    2.644053e-04    0.000e+00    6.643e+00    1.025e-03
  126    1014    2.490810e-04    0.000e+00    4.669e+00    1.448e-04
  127    1022    2.983481e-04    0.000e+00    3.549e+00    4.926e-04
  128    1029    2.575438e-04    0.000e+00    4.671e-01    1.739e-04
  129    1036    3.027644e-04    0.000e+00    4.933e+00    4.002e-04
  130    1043    3.383499e-04    0.000e+00    5.781e+00    4.421e-04
  131    1051    7.566882e-04    0.000e+00    1.134e+01    2.127e-03
  132    1058    4.495643e-04    0.000e+00    3.847e+00    9.644e-04
  133    1065    5.324118e-04    0.000e+00    2.612e+00    8.375e-04
  134    1072    5.544399e-04    0.000e+00    9.571e-01    4.326e-04
  135    1079    5.432315e-04    0.000e+00    5.280e-01    4.607e-05
  136    1086    5.512404e-04    0.000e+00    1.353e+00    6.132e-05
  137    1093    5.532739e-04    0.000e+00    9.249e-01    2.212e-05
  138    1104    5.606377e-04    0.000e+00    5.961e-01    4.506e-05
  139    1112    5.643147e-04    0.000e+00    4.732e-01    2.680e-05
  140    1119    5.716279e-04    0.000e+00    2.530e+00    7.788e-05
  141    1126    5.639866e-04    0.000e+00    5.363e-01    5.005e-05
  142    1136    5.640959e-04    0.000e+00    3.170e-01    2.328e-05
  143    1153    5.640967e-04    0.000e+00    1.688e-01    5.716e-07
  144    1160    4.000736e-04    0.000e+00    2.361e+00    5.764e-03
  145    1170    3.729801e-04    0.000e+00    5.044e+00    1.977e-03
  146    1177    3.448133e-04    0.000e+00    8.620e-01    1.460e-04
  147    1184    3.295556e-04    0.000e+00    9.555e-01    2.261e-04
  148    1191    3.124649e-04    0.000e+00    2.073e+00    2.651e-04
  149    1198    1.910725e-04    0.000e+00    7.836e+00    1.311e-03
  150    1205    1.610120e-04    0.000e+00    7.140e-01    4.098e-04

                                            First-order      Norm of
 Iter F-count            f(x)  Feasibility   optimality         step
  151    1212    1.379479e-04    0.000e+00    5.316e+00    6.863e-04
  152    1219    1.129579e-04    0.000e+00    2.765e+00    3.770e-04
  153    1226    1.008495e-04    0.000e+00    1.465e+00    8.016e-05
  154    1233    1.029607e-04    0.000e+00    1.433e+00    1.528e-04
  155    1240    1.021570e-04    0.000e+00    1.340e+00    1.871e-05
  156    1247    1.020646e-04    0.000e+00    1.507e+00    4.054e-06
  157    1254    9.955597e-05    0.000e+00    1.430e+00    2.532e-05
  158    1261    8.312815e-05    0.000e+00    1.209e+00    1.079e-04
  159    1268    7.367693e-05    0.000e+00    1.525e+00    3.510e-04
  160    1275    4.935949e-05    0.000e+00    9.817e-01    1.218e-04
  161    1282    4.363935e-05    0.000e+00    2.313e-01    1.778e-04
  162    1290    4.242457e-05    0.000e+00    2.266e-01    4.773e-05
  163    1297    3.640574e-05    0.000e+00    1.182e-01    1.849e-04
  164    1304    2.997101e-05    0.000e+00    1.361e-01    4.343e-05
  165    1311    2.899180e-05    0.000e+00    1.636e-01    9.126e-05
  166    1323    2.917785e-05    0.000e+00    1.228e-01    5.495e-05
  167    1330    3.066507e-05    0.000e+00    1.899e-01    3.393e-04
  168    1338    2.992762e-05    0.000e+00    9.738e-02    2.197e-04
  169    1345    2.363917e-05    0.000e+00    2.405e-01    6.417e-04
  170    1358    2.343855e-05    0.000e+00    1.250e-01    3.037e-06
  171    1366    2.341053e-05    0.000e+00    3.113e-02    8.871e-06
  172    1373    2.331902e-05    0.000e+00    1.045e-01    3.059e-05
  173    1383    2.268978e-05    0.000e+00    5.299e-01    1.228e-04
  174    1390    2.103212e-05    0.000e+00    4.213e-01    7.371e-05
  175    1397    2.018458e-05    0.000e+00    8.541e-02    1.291e-04
  176    1404    2.075468e-05    0.000e+00    1.069e-01    9.205e-05
  177    1411    2.089091e-05    0.000e+00    9.546e-02    1.707e-05
  178    1425    2.089994e-05    0.000e+00    3.071e-02    7.349e-07
  179    1432    1.092960e-05    0.000e+00    6.130e-01    1.547e-03
  180    1439    8.046721e-06    0.000e+00    1.163e+00    4.341e-04

                                            First-order      Norm of
 Iter F-count            f(x)  Feasibility   optimality         step
  181    1446    6.834068e-06    0.000e+00    7.003e-01    1.486e-04
  182    1453    5.895462e-06    0.000e+00    3.313e-01    2.172e-04
  183    1461    6.076997e-06    0.000e+00    2.295e-01    8.175e-05
  184    1468    5.786175e-06    0.000e+00    2.174e-01    2.920e-05
  185    1476    4.290365e-06    0.000e+00    5.649e-01    1.609e-04
  186    1483    3.982226e-06    0.000e+00    2.425e-01    2.220e-05
  187    1490    4.126051e-06    0.000e+00    2.384e-01    6.171e-05
  188    1497    3.388335e-06    0.000e+00    1.236e-01    2.793e-05
  189    1504    3.194620e-06    0.000e+00    1.122e-01    3.545e-05
  190    1514    2.507502e-06    0.000e+00    3.056e-01    1.110e-04
  191    1521    2.031300e-06    0.000e+00    2.261e-01    8.441e-05
  192    1528    1.670505e-06    0.000e+00    9.442e-02    1.343e-04
  193    1535    1.666378e-06    0.000e+00    4.796e-02    4.960e-05
  194    1542    1.698011e-06    0.000e+00    6.142e-02    1.371e-05
  195    1557    1.688799e-06    0.000e+00    1.485e-02    1.392e-07
  196    1575    1.688785e-06    0.000e+00    1.485e-02    1.382e-09
  197    1583    1.688756e-06    0.000e+00    1.485e-02    3.746e-09
  198    1599    1.688754e-06    0.000e+00    1.485e-02    1.728e-10

<a href = "matlab: helpview('optim','feasible_better_objective','CSHelpWindow');">Feasible point with lower objective function value found</a>.


Optimization stopped because the <a href = "matlab: helpview('optim','norm_curr_step_fminconip','CSHelpWindow');">relative changes in all elements of x</a> are
less than <a href = "matlab: helpview('optim','tolx','CSHelpWindow');">options.StepTolerance</a> = 1.000000e-10, and the relative maximum constraint
violation, 0.000000e+00, is less than <a href = "matlab: helpview('optim','tol_con','CSHelpWindow');">options.ConstraintTolerance</a> = 1.000000e-06.

<strong><< OPTIMIZATION COMPLETE >></strong>

Optimization Processing Time:
Total                = 21.9701 seconds
Avg. per Iteration   = 0.1099 seconds
Avg. per Func. Eval. = 0.0137 seconds

<strong>> Table 1 - States</strong>
                         <strong>Value</strong> 
                        <strong>_______</strong>

    <strong>1) xe    [m]    </strong>     0.0000
    <strong>2) ye    [m]    </strong>     0.0000
    <strong>3) ze    [m]    </strong>    -5.0000
    <strong>4) u     [m/s]  </strong>    49.7550
    <strong>5) v     [m/s]  </strong>     0.0000
    <strong>6) w     [m/s]  </strong>     4.9463
    <strong>7) phi   [deg]  </strong>     0.0000
    <strong>8) theta [deg]  </strong>     5.6771
    <strong>9) psi   [deg]  </strong>     0.0000
    <strong>10) p    [deg/s]</strong>     0.0000
    <strong>11) q    [deg/s]</strong>     0.0000
    <strong>12) r    [deg/s]</strong>     0.0000


<strong>> Table 2 - Control Inputs</strong>
                           <strong>Value</strong> 
                          <strong>_______</strong>

    <strong>1) dAileron  [deg]</strong>     0.0000
    <strong>2) dRudder   [deg]</strong>     0.0000
    <strong>3) dElevator [deg]</strong>    -8.2827
    <strong>4) dFlap     [deg]</strong>     5.0000
    <strong>5) DEP_col   [deg]</strong>     0.3438
    <strong>6) DEP_slope [deg]</strong>     0.0000
    <strong>7) HTU       [deg]</strong>     0.1329


<strong>> Table 3 - Accelerations</strong>
                             <strong>Value</strong> 
                            <strong>_______</strong>

    <strong>1) xedot    [m/s]   </strong>    50.0003
    <strong>2) yedot    [m/s]   </strong>     0.0000
    <strong>3) zedot    [m/s]   </strong>     0.0002
    <strong>4) udot     [m/s2]  </strong>     0.0006
    <strong>5) vdot     [m/s2]  </strong>     0.0000
    <strong>6) wdot     [m/s2]  </strong>     0.0011
    <strong>7) phidot   [deg/s] </strong>     0.0000
    <strong>8) thetadot [deg/s] </strong>     0.0000
    <strong>9) psidot   [deg/s] </strong>     0.0000
    <strong>10) pdot    [deg/s2]</strong>    -0.0000
    <strong>11) qdot    [deg/s2]</strong>    -0.0000
    <strong>12) rdot    [deg/s2]</strong>    -0.0000


Va_actual =

   50.0003


Va_error =

   2.8571e-04


f0 =

   1.6876e-06

