<strong><< OPTIMIZATION START >></strong>

Initial point X0 is not between bounds LB and UB; 
FMINCON shifted X0 to strictly satisfy the bounds.

                                            First-order      Norm of
 Iter F-count            f(x)  Feasibility   optimality         step
    0       7    2.976535e+00    0.000e+00    6.282e+02
    1      26    5.621251e-01    0.000e+00    1.458e+02    9.535e-03
    2      38    4.577246e-01    0.000e+00    4.898e+01    3.937e-03
    3      48    4.412309e-01    0.000e+00    7.952e+01    3.409e-03
    4      59    4.089507e-01    0.000e+00    3.617e+01    3.749e-03
    5      68    4.037674e-01    0.000e+00    4.400e+01    2.733e-03
    6      79    3.764410e-01    0.000e+00    7.219e+00    5.338e-03
    7      88    3.535034e-01    0.000e+00    2.584e+01    1.915e-02
    8      96    1.572252e-01    0.000e+00    3.863e+01    2.137e-01
    9     105    4.577239e-02    0.000e+00    3.533e+00    5.602e-02
   10     112    3.768510e-02    0.000e+00    7.762e+00    1.242e-02
   11     119    3.776125e-02    0.000e+00    7.620e+00    6.119e-03
   12     126    2.445482e-02    0.000e+00    8.833e+00    3.217e-02
   13     133    3.061496e-02    0.000e+00    2.351e+00    2.554e-02
   14     140    2.530928e-02    0.000e+00    3.862e+00    1.156e-02
   15     150    2.396506e-02    0.000e+00    9.694e+00    2.711e-02
   16     158    2.275218e-02    0.000e+00    6.433e+00    9.508e-03
   17     170    2.305228e-02    0.000e+00    4.808e+00    4.433e-03
   18     177    2.308372e-02    0.000e+00    1.947e+00    1.896e-03
   19     184    2.246771e-02    0.000e+00    4.221e+00    5.038e-03
   20     191    2.312150e-02    0.000e+00    1.546e+00    4.493e-03
   21     198    1.316370e-02    0.000e+00    7.725e+00    2.478e-02
   22     207    9.580600e-03    0.000e+00    1.865e+01    8.221e-02
   23     214    1.203728e-02    0.000e+00    1.473e+01    3.608e-02
   24     221    1.350491e-02    0.000e+00    1.496e+01    4.523e-02
   25     229    1.201574e-02    0.000e+00    6.301e+00    2.191e-02
   26     236    7.559026e-03    0.000e+00    3.171e+00    7.570e-03
   27     243    8.018026e-03    0.000e+00    7.475e-01    1.975e-03
   28     250    8.425532e-03    0.000e+00    5.426e-01    2.326e-03
   29     257    8.384473e-03    0.000e+00    3.845e-01    8.625e-04
   30     264    8.142399e-03    0.000e+00    8.996e-01    4.173e-03

                                            First-order      Norm of
 Iter F-count            f(x)  Feasibility   optimality         step
   31     271    7.423198e-03    0.000e+00    2.405e+00    8.583e-03
   32     278    7.406560e-03    0.000e+00    5.652e-01    5.836e-03
   33     285    7.999510e-03    0.000e+00    5.869e-01    2.196e-03
   34     293    8.439501e-03    0.000e+00    7.011e-01    2.088e-03
   35     301    7.555483e-03    0.000e+00    6.638e-01    3.385e-03
   36     308    7.678455e-03    0.000e+00    1.747e-01    4.812e-04
   37     316    7.761478e-03    0.000e+00    1.199e-01    3.520e-04
   38     330    7.761820e-03    0.000e+00    9.200e-02    1.372e-05
   39     337    1.189825e-03    0.000e+00    3.391e+00    4.028e-02
   40     345    8.529099e-04    0.000e+00    2.160e+00    3.383e-03
   41     352    5.915561e-04    0.000e+00    1.075e+00    2.505e-03
   42     359    5.784707e-04    0.000e+00    1.573e-01    1.728e-04
   43     366    5.903778e-04    0.000e+00    2.312e-01    2.085e-04
   44     373    5.904587e-04    0.000e+00    5.240e-02    5.741e-05
   45     380    5.853470e-04    0.000e+00    1.829e-01    6.145e-05
   46     387    5.772605e-04    0.000e+00    3.323e-01    1.329e-04
   47     397    5.723065e-04    0.000e+00    5.772e-01    2.786e-04
   48     405    5.765775e-04    0.000e+00    7.187e-01    4.357e-04
   49     412    5.747525e-04    0.000e+00    4.605e-01    7.597e-05
   50     419    5.856665e-04    0.000e+00    4.033e-01    2.579e-04
   51     426    5.820289e-04    0.000e+00    8.644e-02    1.607e-04
   52     433    5.878548e-04    0.000e+00    6.535e-01    1.052e-03
   53     440    5.789611e-04    0.000e+00    2.582e-01    2.955e-04
   54     447    5.764551e-04    0.000e+00    9.558e-02    1.464e-04
   55     454    5.706990e-04    0.000e+00    2.014e-01    6.980e-04
   56     462    5.685052e-04    0.000e+00    1.273e+00    3.634e-03
   57     470    5.596492e-04    0.000e+00    7.864e-01    1.237e-03
   58     477    5.533162e-04    0.000e+00    5.241e-01    1.352e-04
   59     484    5.847843e-04    0.000e+00    1.286e+00    2.450e-03
   60     491    5.505561e-04    0.000e+00    2.352e-01    9.316e-04

                                            First-order      Norm of
 Iter F-count            f(x)  Feasibility   optimality         step
   61     498    5.479386e-04    0.000e+00    1.906e-01    4.781e-04
   62     505    5.243739e-04    0.000e+00    4.416e-01    5.556e-03
   63     512    5.322993e-04    0.000e+00    8.624e-01    3.004e-02
   64     519    4.957375e-04    0.000e+00    2.851e-01    2.375e-02
   65     536    5.086604e-04    0.000e+00    2.055e-01    3.185e-04
   66     544    5.210591e-04    0.000e+00    4.535e-01    2.742e-04
   67     551    5.023585e-04    0.000e+00    3.729e-01    1.719e-04
   68     558    4.913220e-04    0.000e+00    1.268e-01    1.738e-04
   69     565    4.894805e-04    0.000e+00    6.907e-02    3.514e-05
   70     572    4.894155e-04    0.000e+00    1.522e-01    1.886e-04
   71     584    4.804033e-04    0.000e+00    1.575e-01    2.031e-04
   72     592    4.891310e-04    0.000e+00    3.564e-01    1.763e-04
   73     599    4.965940e-04    0.000e+00    2.088e-01    1.144e-04
   74     606    4.955433e-04    0.000e+00    1.170e-01    6.810e-06
   75     614    4.929026e-04    0.000e+00    6.862e-02    3.265e-05
   76     621    4.902977e-04    0.000e+00    5.062e-02    5.048e-05
   77     628    4.849073e-04    0.000e+00    4.541e-02    3.902e-04
   78     637    4.776505e-04    0.000e+00    1.956e-01    1.279e-03
   79     649    4.161295e-04    0.000e+00    4.268e-01    1.346e-03
   80     656    4.597022e-04    0.000e+00    2.543e-01    8.910e-04
   81     664    6.075165e-04    0.000e+00    2.019e-01    2.556e-03
   82     671    6.042390e-04    0.000e+00    2.616e-01    1.917e-03
   83     678    4.284950e-04    0.000e+00    4.670e-01    2.819e-03
   84     685    4.626260e-04    0.000e+00    3.100e-01    1.046e-03
   85     692    4.716597e-04    0.000e+00    8.515e-02    1.739e-03
   86     699    4.612388e-04    0.000e+00    6.102e-02    7.788e-04
   87     706    3.918442e-04    0.000e+00    8.822e-01    5.809e-03
   88     717    3.882761e-04    0.000e+00    3.911e-01    7.467e-06
   89     732    3.755267e-04    0.000e+00    6.155e-01    2.634e-04
   90     739    4.301367e-04    0.000e+00    5.408e-01    1.062e-03

                                            First-order      Norm of
 Iter F-count            f(x)  Feasibility   optimality         step
   91     748    4.544617e-04    0.000e+00    1.726e-01    3.558e-04
   92     755    4.327050e-04    0.000e+00    7.021e-02    3.005e-04
   93     762    4.256872e-04    0.000e+00    1.229e-01    8.749e-05
   94     773    4.256079e-04    0.000e+00    3.368e-02    3.494e-06
   95     782    4.257965e-04    0.000e+00    1.051e-01    3.262e-05
   96     795    4.249022e-04    0.000e+00    1.354e-01    1.606e-05
   97     803    4.239218e-04    0.000e+00    7.591e-02    1.582e-05
   98     818    4.238850e-04    0.000e+00    3.943e-02    3.042e-06
   99     826    4.239911e-04    0.000e+00    5.771e-02    1.932e-06
  100     833    4.297090e-04    0.000e+00    8.733e-02    9.850e-05
  101     840    4.312221e-04    0.000e+00    4.045e-02    2.773e-05
  102     848    4.317415e-04    0.000e+00    2.468e-02    1.247e-05
  103     855    4.309217e-04    0.000e+00    5.874e-02    1.271e-05
  104     863    4.285576e-04    0.000e+00    5.633e-02    3.590e-05
  105     876    4.281324e-04    0.000e+00    7.526e-02    8.136e-06
  106     884    4.289891e-04    0.000e+00    5.594e-02    1.524e-05
  107     895    4.280230e-04    0.000e+00    4.872e-02    2.716e-05
  108     903    4.261880e-04    0.000e+00    8.889e-02    3.054e-05
  109     913    4.359795e-04    0.000e+00    4.195e-02    1.765e-04
  110     926    4.354134e-04    0.000e+00    6.177e-02    8.618e-06
  111     934    4.348644e-04    0.000e+00    3.249e-02    9.500e-06
  112     945    4.348636e-04    0.000e+00    5.587e-02    3.306e-06
  113     953    4.319057e-04    0.000e+00    4.095e-02    5.117e-05
  114     964    4.317455e-04    0.000e+00    3.064e-02    2.340e-06
  115     973    4.288054e-04    0.000e+00    5.541e-02    5.115e-05
  116     980    4.302006e-04    0.000e+00    5.546e-02    2.403e-05
  117     987    4.329298e-04    0.000e+00    3.363e-02    4.701e-05
  118     994    4.314007e-04    0.000e+00    3.669e-02    2.570e-05
  119    1001    4.292425e-04    0.000e+00    2.000e-02    3.645e-05
  120    1008    5.510888e-05    0.000e+00    1.147e+00    1.034e-02

                                            First-order      Norm of
 Iter F-count            f(x)  Feasibility   optimality         step
  121    1015    3.903913e-05    0.000e+00    1.197e+00    6.070e-04
  122    1022    2.845021e-05    0.000e+00    8.437e-01    4.173e-04
  123    1029    2.061538e-05    0.000e+00    4.889e-01    3.406e-04
  124    1036    2.030653e-05    0.000e+00    7.628e-02    9.548e-05
  125    1043    2.041631e-05    0.000e+00    1.018e-01    2.964e-05
  126    1050    2.059334e-05    0.000e+00    8.975e-02    1.586e-05
  127    1063    2.059485e-05    0.000e+00    6.433e-02    2.196e-07
  128    1071    2.059635e-05    0.000e+00    8.646e-02    1.902e-07
  129    1078    2.003906e-05    0.000e+00    5.934e-02    4.415e-05
  130    1085    1.905972e-05    0.000e+00    7.620e-02    7.951e-05
  131    1092    1.970517e-05    0.000e+00    9.497e-02    5.325e-05
  132    1099    2.072617e-05    0.000e+00    4.013e-02    8.185e-05
  133    1106    2.048088e-05    0.000e+00    7.725e-02    1.943e-05
  134    1115    2.014273e-05    0.000e+00    7.173e-02    2.734e-05
  135    1122    2.028823e-05    0.000e+00    4.490e-02    1.175e-05
  136    1132    2.046073e-05    0.000e+00    7.317e-02    1.403e-05
  137    1139    2.053882e-05    0.000e+00    7.942e-02    6.166e-06
  138    1146    2.133533e-05    0.000e+00    3.030e-02    6.210e-05
  139    1153    2.105355e-05    0.000e+00    3.656e-02    2.222e-05
  140    1161    2.053786e-05    0.000e+00    3.705e-02    4.065e-05
  141    1170    2.043962e-05    0.000e+00    6.552e-02    7.863e-06
  142    1178    2.040400e-05    0.000e+00    7.979e-02    2.783e-06

<a href = "matlab: helpview('optim','feasible_better_objective','CSHelpWindow');">Feasible point with lower objective function value found</a>.


Optimization stopped because the <a href = "matlab: helpview('optim','norm_curr_step_fminconip','CSHelpWindow');">relative changes in all elements of x</a> are
less than <a href = "matlab: helpview('optim','tolx','CSHelpWindow');">options.StepTolerance</a> = 1.000000e-08, and the relative maximum constraint
violation, 0.000000e+00, is less than <a href = "matlab: helpview('optim','tol_con','CSHelpWindow');">options.ConstraintTolerance</a> = 1.000000e-06.

<strong><< OPTIMIZATION COMPLETE >></strong>

Optimization Processing Time:
Total                = 16.7728 seconds
Avg. per Iteration   = 0.1165 seconds
Avg. per Func. Eval. = 0.0141 seconds

<strong>> Table 1 - States</strong>
                          <strong>Value</strong>  
                        <strong>_________</strong>

    <strong>1) xe    [m]    </strong>       0.0000
    <strong>2) ye    [m]    </strong>       0.0000
    <strong>3) ze    [m]    </strong>    -500.0000
    <strong>4) u     [m/s]  </strong>      54.9833
    <strong>5) v     [m/s]  </strong>       0.0000
    <strong>6) w     [m/s]  </strong>       1.3555
    <strong>7) phi   [deg]  </strong>       0.0000
    <strong>8) theta [deg]  </strong>       1.4132
    <strong>9) psi   [deg]  </strong>       0.0000
    <strong>10) p    [deg/s]</strong>       0.0000
    <strong>11) q    [deg/s]</strong>       0.0000
    <strong>12) r    [deg/s]</strong>       0.0000


<strong>> Table 2 - Control Inputs</strong>
                           <strong>Value</strong> 
                          <strong>_______</strong>

    <strong>1) dAileron  [deg]</strong>     0.0000
    <strong>2) dRudder   [deg]</strong>     0.0000
    <strong>3) dElevator [deg]</strong>    -1.9678
    <strong>4) dFlap     [deg]</strong>    11.0000
    <strong>5) DEP_col   [deg]</strong>     0.2621
    <strong>6) DEP_slope [deg]</strong>     0.0000
    <strong>7) HTU       [deg]</strong>     0.2272


<strong>> Table 3 - Accelerations</strong>
                             <strong>Value</strong> 
                            <strong>_______</strong>

    <strong>1) xedot    [m/s]   </strong>    55.0000
    <strong>2) yedot    [m/s]   </strong>     0.0000
    <strong>3) zedot    [m/s]   </strong>    -0.0009
    <strong>4) udot     [m/s2]  </strong>     0.0044
    <strong>5) vdot     [m/s2]  </strong>     0.0000
    <strong>6) wdot     [m/s2]  </strong>    -0.0007
    <strong>7) phidot   [deg/s] </strong>     0.0000
    <strong>8) thetadot [deg/s] </strong>     0.0000
    <strong>9) psidot   [deg/s] </strong>     0.0000
    <strong>10) pdot    [deg/s2]</strong>    -0.0000
    <strong>11) qdot    [deg/s2]</strong>     0.0005
    <strong>12) rdot    [deg/s2]</strong>     0.0000

