<strong><< OPTIMIZATION START >></strong>

                                            First-order      Norm of
 Iter F-count            f(x)  Feasibility   optimality         step
    0       7    1.250417e+01    0.000e+00    2.800e+02
    1      22    8.039585e+00    0.000e+00    1.461e+02    1.650e-02
    2      31    7.447320e+00    0.000e+00    1.109e+02    1.709e-02
    3      39    4.348265e+00    0.000e+00    2.697e+02    3.440e-01
    4      47    1.858143e+00    0.000e+00    1.951e+02    4.076e-01
    5      55    7.855781e-01    0.000e+00    2.164e+02    3.303e-01
    6      64    7.928831e-01    0.000e+00    2.183e+02    1.007e-01
    7      73    5.803261e-01    0.000e+00    1.733e+02    1.922e-01
    8      80    2.195812e-01    0.000e+00    1.932e+01    3.787e-01
    9      89    1.084722e-01    0.000e+00    8.110e+01    2.374e-01
   10      96    3.257197e-03    0.000e+00    8.363e+00    5.769e-02
   11     103    4.372034e-03    0.000e+00    4.576e+00    3.434e-02
   12     110    2.984176e-04    0.000e+00    2.106e+00    1.854e-02
   13     117    4.585136e-04    0.000e+00    6.076e-01    3.043e-03
   14     124    5.085678e-04    0.000e+00    1.303e+00    3.735e-03
   15     133    2.088526e-03    0.000e+00    1.002e+01    1.734e-02
   16     146    3.450774e-03    0.000e+00    8.280e+00    7.758e-03
   17     154    5.476371e-03    0.000e+00    5.894e+00    9.604e-03
   18     161    5.949593e-03    0.000e+00    1.242e+01    3.210e-02
   19     168    2.796347e-03    0.000e+00    4.036e+00    2.515e-02
   20     175    5.237487e-04    0.000e+00    1.653e+00    6.976e-03
   21     182    7.851287e-04    0.000e+00    2.919e+00    5.369e-03
   22     190    2.451854e-03    0.000e+00    8.598e+00    1.965e-02
   23     197    4.155905e-03    0.000e+00    8.630e+00    1.907e-02
   24     204    3.092247e-03    0.000e+00    1.039e+00    7.642e-03
   25     214    2.761500e-03    0.000e+00    1.483e+00    2.839e-03
   26     225    1.314801e-03    0.000e+00    1.603e-01    3.414e-03
   27     234    1.007756e-03    0.000e+00    3.172e+00    7.065e-03
   28     242    7.214179e-04    0.000e+00    2.455e+00    7.724e-03
   29     255    5.847666e-04    0.000e+00    1.013e+00    3.215e-03
   30     267    4.367295e-04    0.000e+00    1.314e+00    5.609e-04

                                            First-order      Norm of
 Iter F-count            f(x)  Feasibility   optimality         step
   31     275    4.060327e-04    0.000e+00    1.188e+00    1.579e-03
   32     283    4.400860e-04    0.000e+00    1.584e+00    5.265e-03
   33     291    3.925584e-04    0.000e+00    2.053e-01    3.833e-03
   34     304    3.558716e-04    0.000e+00    1.585e-01    7.948e-04
   35     312    3.349597e-04    0.000e+00    1.747e-01    9.837e-04
   36     327    3.348836e-04    0.000e+00    8.244e-02    9.271e-05
   37     335    3.382176e-04    0.000e+00    1.785e-01    2.423e-04
   38     342    3.464189e-04    0.000e+00    5.265e-01    5.712e-04
   39     356    3.433149e-04    0.000e+00    4.537e-01    1.106e-04
   40     363    3.063440e-04    0.000e+00    2.421e-01    8.470e-04
   41     370    3.009102e-04    0.000e+00    1.942e-01    6.297e-04
   42     377    2.639459e-04    0.000e+00    3.321e-01    2.040e-03
   43     384    2.303722e-04    0.000e+00    7.686e-01    1.144e-03
   44     391    1.832884e-04    0.000e+00    7.222e-01    7.598e-04
   45     398    1.198037e-04    0.000e+00    8.112e-01    2.244e-03
   46     405    3.295217e-05    0.000e+00    7.682e-01    4.657e-03
   47     412    3.443811e-05    0.000e+00    5.216e-01    2.152e-03
   48     419    3.199337e-05    0.000e+00    2.924e-01    8.060e-04
   49     426    3.719572e-05    0.000e+00    1.823e-01    4.875e-04
   50     441    3.838030e-05    0.000e+00    3.181e-02    3.951e-05
   51     449    1.725712e-05    0.000e+00    1.839e-01    3.335e-03
   52     456    1.534088e-05    0.000e+00    3.594e-02    6.967e-04
   53     463    1.443422e-05    0.000e+00    6.485e-02    8.161e-04
   54     470    1.225830e-05    0.000e+00    3.689e-02    5.494e-04
   55     477    1.175390e-05    0.000e+00    4.316e-02    2.277e-04
   56     484    1.160187e-05    0.000e+00    9.464e-02    4.777e-05
   57     498    1.152226e-05    0.000e+00    3.026e-02    5.344e-06
   58     509    1.139092e-05    0.000e+00    2.798e-02    1.479e-05
   59     517    1.128609e-05    0.000e+00    4.250e-02    2.381e-05
   60     528    1.013806e-05    0.000e+00    2.116e-02    3.325e-05

                                            First-order      Norm of
 Iter F-count            f(x)  Feasibility   optimality         step
   61     536    9.607213e-06    0.000e+00    1.361e-01    3.315e-04
   62     543    6.881283e-06    0.000e+00    2.124e-01    4.402e-04
   63     550    6.277767e-06    0.000e+00    9.666e-02    3.439e-04
   64     557    5.798135e-06    0.000e+00    2.322e-01    3.732e-04
   65     564    3.800806e-06    0.000e+00    1.136e-01    3.475e-04
   66     571    1.917551e-06    0.000e+00    2.968e-02    2.186e-04
   67     578    1.310463e-06    0.000e+00    4.540e-02    8.656e-05
   68     585    1.348746e-06    0.000e+00    2.823e-02    2.756e-05
   69     593    1.722858e-06    0.000e+00    4.480e-02    2.869e-05
   70     600    1.744114e-06    0.000e+00    2.542e-02    9.314e-06
   71     618    1.742389e-06    0.000e+00    6.153e-03    1.914e-07
   72     626    1.432210e-06    0.000e+00    8.271e-02    2.157e-04
   73     633    7.224211e-07    0.000e+00    3.821e-02    5.250e-04
   74     640    7.444267e-07    0.000e+00    2.147e-02    2.415e-04
   75     647    7.093986e-07    0.000e+00    8.637e-03    3.221e-05
   76     654    5.316154e-07    0.000e+00    3.037e-02    6.249e-05
   77     662    3.035029e-07    0.000e+00    7.880e-02    6.536e-05
   78     669    1.038302e-07    0.000e+00    3.752e-02    6.258e-05
   79     676    3.827159e-08    0.000e+00    1.634e-02    2.460e-05
   80     686    3.126670e-08    0.000e+00    1.477e-02    3.314e-05
   81     693    3.503265e-08    0.000e+00    8.888e-03    2.292e-05
   82     700    4.512039e-08    0.000e+00    2.804e-03    1.240e-05
   83     707    6.344451e-08    0.000e+00    1.699e-03    1.133e-05
   84     714    5.181773e-08    0.000e+00    3.060e-03    1.125e-05
   85     723    5.035314e-08    0.000e+00    8.480e-04    1.546e-06
   86     740    5.028716e-08    0.000e+00    1.106e-03    4.427e-09
   87     747    3.487526e-08    0.000e+00    3.052e-02    7.707e-05
   88     760    2.318267e-08    0.000e+00    2.199e-02    3.474e-05
   89     767    1.365252e-08    0.000e+00    6.489e-03    3.717e-05
   90     776    1.878069e-08    0.000e+00    1.455e-02    7.870e-05

                                            First-order      Norm of
 Iter F-count            f(x)  Feasibility   optimality         step
   91     783    1.119546e-08    0.000e+00    6.047e-03    2.075e-05
   92     790    1.063624e-08    0.000e+00    1.621e-03    7.760e-06
   93     806    1.061908e-08    0.000e+00    8.006e-04    7.408e-09
   94     822    1.061546e-08    0.000e+00    7.711e-04    1.824e-09
   95     832    1.061289e-08    0.000e+00    8.284e-04    6.633e-09
   96     847    1.061212e-08    0.000e+00    8.153e-04    3.974e-10
   97     856    1.061162e-08    0.000e+00    1.652e-03    3.102e-09

Optimization stopped because the <a href = "matlab: helpview('optim','norm_curr_step_fminconip','CSHelpWindow');">relative changes in all elements of x</a> are
less than <a href = "matlab: helpview('optim','tolx','CSHelpWindow');">options.StepTolerance</a> = 1.000000e-10, and the relative maximum constraint
violation, 0.000000e+00, is less than <a href = "matlab: helpview('optim','tol_con','CSHelpWindow');">options.ConstraintTolerance</a> = 1.000000e-06.

<strong><< OPTIMIZATION COMPLETE >></strong>

Optimization Processing Time:
Total                = 11.8101 seconds
Avg. per Iteration   = 0.1193 seconds
Avg. per Func. Eval. = 0.0136 seconds

<strong>> Table 1 - States</strong>
                         <strong>Value</strong> 
                        <strong>_______</strong>

    <strong>1) xe    [m]    </strong>     0.0000
    <strong>2) ye    [m]    </strong>     0.0000
    <strong>3) ze    [m]    </strong>    -5.0000
    <strong>4) u     [m/s]  </strong>    49.7661
    <strong>5) v     [m/s]  </strong>     0.0000
    <strong>6) w     [m/s]  </strong>     4.8311
    <strong>7) phi   [deg]  </strong>     0.0000
    <strong>8) theta [deg]  </strong>     5.5446
    <strong>9) psi   [deg]  </strong>     0.0000
    <strong>10) p    [deg/s]</strong>     0.0000
    <strong>11) q    [deg/s]</strong>     0.0000
    <strong>12) r    [deg/s]</strong>     0.0000


<strong>> Table 2 - Control Inputs</strong>
                           <strong>Value</strong> 
                          <strong>_______</strong>

    <strong>1) dAileron  [deg]</strong>     0.0000
    <strong>2) dRudder   [deg]</strong>     0.0000
    <strong>3) dElevator [deg]</strong>    -8.3072
    <strong>4) dFlap     [deg]</strong>     5.0000
    <strong>5) DEP_col   [deg]</strong>     0.3901
    <strong>6) DEP_slope [deg]</strong>     0.0000
    <strong>7) HTU       [deg]</strong>     0.0856


<strong>> Table 3 - Accelerations</strong>
                             <strong>Value</strong> 
                            <strong>_______</strong>

    <strong>1) xedot    [m/s]   </strong>    50.0000
    <strong>2) yedot    [m/s]   </strong>     0.0000
    <strong>3) zedot    [m/s]   </strong>     0.0000
    <strong>4) udot     [m/s2]  </strong>     0.0000
    <strong>5) vdot     [m/s2]  </strong>     0.0000
    <strong>6) wdot     [m/s2]  </strong>     0.0000
    <strong>7) phidot   [deg/s] </strong>     0.0000
    <strong>8) thetadot [deg/s] </strong>     0.0000
    <strong>9) psidot   [deg/s] </strong>     0.0000
    <strong>10) pdot    [deg/s2]</strong>     0.0000
    <strong>11) qdot    [deg/s2]</strong>    -0.0015
    <strong>12) rdot    [deg/s2]</strong>     0.0000


Va_actual =

   50.0000


Va_error =

  -8.5158e-07


f0 =

   4.3377e-09

