<strong><< OPTIMIZATION START >></strong>

                                            First-order      Norm of
 Iter F-count            f(x)  Feasibility   optimality         step
    0       6    2.477132e+02    0.000e+00    4.280e+04
    1      23    3.828047e+01    0.000e+00    1.219e+04    1.747e-02
    2      33    2.003009e+01    0.000e+00    3.970e+02    6.964e-03
    3      40    1.156466e+01    0.000e+00    3.723e+03    1.151e-02
    4      49    8.337348e+00    0.000e+00    1.987e+03    5.990e-02
    5      57    6.661981e+00    0.000e+00    2.155e+03    2.156e-02
    6      75    5.185409e+00    0.000e+00    2.979e+03    2.165e-03
    7      82    5.122106e+00    0.000e+00    2.695e+03    1.486e-03
    8      92    4.684549e+00    0.000e+00    1.436e+03    3.445e-03
    9     102    3.999184e+00    0.000e+00    1.371e+03    3.053e-03
   10     109    3.931749e+00    0.000e+00    5.094e+02    1.553e-02
   11     116    3.847342e+00    0.000e+00    2.620e+02    1.731e-01
   12     122    3.808637e+00    0.000e+00    3.884e+02    2.123e-01
   13     132    3.785796e+00    0.000e+00    3.876e+02    8.774e-05
   14     138    3.759803e+00    0.000e+00    6.395e+02    2.550e-01
   15     152    3.691837e+00    0.000e+00    3.773e+02    1.288e-03
   16     159    3.684522e+00    0.000e+00    9.397e+02    2.259e-03
   17     168    3.615312e+00    0.000e+00    3.745e+02    7.163e-02
   18     174    3.500375e+00    0.000e+00    5.906e+02    2.966e-01
   19     180    3.319713e+00    0.000e+00    3.607e+02    1.571e-01
   20     186    3.177479e+00    0.000e+00    4.065e+02    1.189e-01
   21     192    3.109337e+00    0.000e+00    8.766e+02    2.542e-01
   22     199    3.028945e+00    0.000e+00    3.177e+02    1.308e-01
   23     205    2.481883e+00    0.000e+00    3.091e+02    3.105e-01
   24     211    2.204520e+00    0.000e+00    5.147e+02    2.069e-01
   25     218    2.065288e+00    0.000e+00    5.973e+02    1.462e-01
   26     224    1.912131e+00    0.000e+00    1.496e+03    7.077e-02
   27     230    1.545429e+00    0.000e+00    6.385e+02    1.652e-01
   28     236    1.247918e+00    0.000e+00    2.109e+02    1.105e-01
   29     242    1.051397e+00    0.000e+00    1.978e+02    2.585e-02
   30     248    9.280744e-01    0.000e+00    1.827e+02    6.431e-02

                                            First-order      Norm of
 Iter F-count            f(x)  Feasibility   optimality         step
   31     256    8.574187e-01    0.000e+00    8.950e+02    1.246e-01
   32     269    7.990342e-01    0.000e+00    5.854e+02    7.344e-03
   33     276    7.242448e-01    0.000e+00    2.012e+03    2.261e-02
   34     283    2.716824e-01    0.000e+00    6.401e+02    3.004e-01
   35     290    2.496137e-01    0.000e+00    2.279e+02    2.769e-01
   36     296    1.389927e-01    0.000e+00    5.759e+01    9.739e-02
   37     302    9.376805e-02    0.000e+00    5.812e+01    4.697e-02
   38     308    8.527913e-02    0.000e+00    5.585e+01    7.211e-03
   39     314    7.271398e-02    0.000e+00    2.157e+02    9.646e-03
   40     332    7.172501e-02    0.000e+00    2.742e+02    2.410e-04
   41     339    7.129694e-02    0.000e+00    2.596e+02    8.164e-05
   42     351    6.727871e-02    0.000e+00    2.621e+02    1.122e-04
   43     361    4.304857e-02    0.000e+00    3.198e+02    2.234e-04
   44     368    4.132745e-02    0.000e+00    3.117e+02    5.072e-04
   45     379    2.277864e-02    0.000e+00    1.399e+02    1.571e-03
   46     389    1.341119e-02    0.000e+00    2.270e+01    3.173e-04
   47     396    1.323589e-02    0.000e+00    1.735e+01    5.045e-04
   48     402    6.582229e-03    0.000e+00    1.266e+02    3.171e-02
   49     408    3.074777e-03    0.000e+00    8.015e+00    2.276e-02
   50     414    2.403941e-03    0.000e+00    3.045e+01    1.054e-02
   51     422    2.249716e-03    0.000e+00    1.180e+01    4.282e-03
   52     428    2.278466e-03    0.000e+00    5.920e+00    1.286e-03
   53     434    2.317650e-03    0.000e+00    1.329e+01    1.355e-03
   54     440    2.334210e-03    0.000e+00    8.854e+00    6.635e-04
   55     447    2.358690e-03    0.000e+00    1.171e+01    1.009e-03
   56     453    2.271925e-03    0.000e+00    6.544e+00    1.757e-03
   57     468    2.270542e-03    0.000e+00    1.944e+01    1.017e-06
   58     475    2.270471e-03    0.000e+00    1.801e+01    3.528e-07
   59     485    2.265570e-03    0.000e+00    6.897e+00    2.126e-06
   60     493    2.265532e-03    0.000e+00    6.482e+00    3.526e-07

                                            First-order      Norm of
 Iter F-count            f(x)  Feasibility   optimality         step
   61     499    2.268963e-03    0.000e+00    7.234e+00    8.853e-05
   62     506    2.279251e-03    0.000e+00    4.014e+01    7.192e-05
   63     512    2.270669e-03    0.000e+00    2.711e+01    6.021e-05
   64     518    2.266512e-03    0.000e+00    7.365e+00    1.703e-04
   65     524    2.257952e-03    0.000e+00    4.157e+01    9.966e-05
   66     530    2.196732e-03    0.000e+00    2.543e+01    1.636e-03
   67     536    2.189044e-03    0.000e+00    1.521e+01    1.262e-03
   68     542    2.194690e-03    0.000e+00    1.534e+01    4.477e-04
   69     550    2.246212e-03    0.000e+00    1.235e+01    2.421e-03
   70     556    2.203335e-03    0.000e+00    1.230e+01    1.060e-03
   71     563    2.161356e-03    0.000e+00    2.885e+01    1.173e-03
   72     569    2.136203e-03    0.000e+00    1.223e+01    5.957e-04
   73     576    2.100903e-03    0.000e+00    2.358e+01    9.934e-04
   74     590    2.100500e-03    0.000e+00    8.248e+00    2.692e-06
   75     597    2.100422e-03    0.000e+00    8.248e+00    8.897e-07
   76     608    2.099906e-03    0.000e+00    3.169e+01    2.692e-06
   77     615    2.099788e-03    0.000e+00    3.196e+01    9.074e-07
   78     625    2.099071e-03    0.000e+00    2.732e+01    5.385e-06
   79     635    2.069328e-03    0.000e+00    2.488e+01    5.334e-06
   80     645    2.039280e-03    0.000e+00    1.014e+01    1.024e-05
   81     652    2.038227e-03    0.000e+00    1.729e+01    3.563e-06
   82     662    1.996197e-03    0.000e+00    1.323e+01    2.150e-05
   83     669    1.994671e-03    0.000e+00    4.842e+00    7.106e-06
   84     675    2.005572e-03    0.000e+00    1.162e+01    1.270e-03
   85     691    2.005392e-03    0.000e+00    4.599e+00    1.238e-07
   86     697    2.011352e-03    0.000e+00    3.571e+01    3.357e-05
   87     703    2.016004e-03    0.000e+00    6.694e+00    1.728e-05
   88     710    2.021248e-03    0.000e+00    1.571e+01    6.517e-06
   89     716    2.012255e-03    0.000e+00    1.198e+01    5.696e-05
   90     732    2.012220e-03    0.000e+00    4.594e+00    8.970e-09

                                            First-order      Norm of
 Iter F-count            f(x)  Feasibility   optimality         step
   91     738    2.015258e-03    0.000e+00    5.196e+00    1.277e-05
   92     744    2.019925e-03    0.000e+00    4.013e+00    2.690e-05
   93     750    2.011750e-03    0.000e+00    5.889e+00    1.403e-05
   94     756    1.986968e-03    0.000e+00    1.022e+01    8.492e-05
   95     764    2.022479e-03    0.000e+00    3.732e+01    1.098e-04
   96     770    1.938274e-03    0.000e+00    2.946e+01    1.385e-04
   97     776    1.916913e-03    0.000e+00    1.560e+01    1.226e-05
   98     783    1.897807e-03    0.000e+00    7.420e+00    2.381e-05
   99     802    1.897778e-03    0.000e+00    8.058e+00    6.132e-08
  100     809    1.897328e-03    0.000e+00    2.073e+01    4.204e-08
  101     825    1.897319e-03    0.000e+00    2.234e+01    2.689e-09
  102     832    1.897315e-03    0.000e+00    2.234e+01    1.358e-09
  103     845    1.897313e-03    0.000e+00    2.234e+01    6.731e-10

Optimization stopped because the <a href = "matlab: helpview('optim','norm_curr_step_fminconip','CSHelpWindow');">relative changes in all elements of x</a> are
less than <a href = "matlab: helpview('optim','tolx','CSHelpWindow');">options.StepTolerance</a> = 1.000000e-09, and the relative maximum constraint
violation, 0.000000e+00, is less than <a href = "matlab: helpview('optim','tol_con','CSHelpWindow');">options.ConstraintTolerance</a> = 1.000000e-06.

<strong><< OPTIMIZATION COMPLETE >></strong>

Optimization Processing Time:
Total                = 11.7780 seconds
Avg. per Iteration   = 0.1133 seconds
Avg. per Func. Eval. = 0.0139 seconds

<strong>> Table 1 - States</strong>
                          <strong>Value</strong>   
                        <strong>__________</strong>

    <strong>1) xe    [m]    </strong>        0.0000
    <strong>2) ye    [m]    </strong>        0.0000
    <strong>3) ze    [m]    </strong>    -1219.0000
    <strong>4) u     [m/s]  </strong>       72.7502
    <strong>5) v     [m/s]  </strong>        0.0000
    <strong>6) w     [m/s]  </strong>       -1.1014
    <strong>7) phi   [deg]  </strong>        0.0000
    <strong>8) theta [deg]  </strong>       -0.8635
    <strong>9) psi   [deg]  </strong>        0.0000
    <strong>10) p    [deg/s]</strong>        0.0000
    <strong>11) q    [deg/s]</strong>        0.0000
    <strong>12) r    [deg/s]</strong>        0.0000


<strong>> Table 2 - Control Inputs</strong>
                          <strong>Value</strong> 
                          <strong>______</strong>

    <strong>1) dAileron  [deg]</strong>    0.0000
    <strong>2) dRudder   [deg]</strong>    0.0000
    <strong>3) dElevator [deg]</strong>    1.4623
    <strong>4) dFlap     [deg]</strong>    5.0000
    <strong>5) DEP_col   [deg]</strong>    0.0000
    <strong>6) DEP_slope [deg]</strong>    0.0000
    <strong>7) HTU       [deg]</strong>    0.5384


<strong>> Table 3 - Accelerations</strong>
                             <strong>Value</strong> 
                            <strong>_______</strong>

    <strong>1) xedot    [m/s]   </strong>    72.7586
    <strong>2) yedot    [m/s]   </strong>     0.0000
    <strong>3) zedot    [m/s]   </strong>    -0.0049
    <strong>4) udot     [m/s2]  </strong>    -0.0110
    <strong>5) vdot     [m/s2]  </strong>     0.0000
    <strong>6) wdot     [m/s2]  </strong>     0.0018
    <strong>7) phidot   [deg/s] </strong>     0.0000
    <strong>8) thetadot [deg/s] </strong>     0.0000
    <strong>9) psidot   [deg/s] </strong>     0.0000
    <strong>10) pdot    [deg/s2]</strong>     0.0000
    <strong>11) qdot    [deg/s2]</strong>    -0.0592
    <strong>12) rdot    [deg/s2]</strong>     0.0000

