<strong><< OPTIMIZATION START >></strong>

                                            First-order      Norm of
 Iter F-count            f(x)  Feasibility   optimality         step
    0       7    1.343174e+01    0.000e+00    2.899e+03
    1      26    9.614826e-01    0.000e+00    3.124e+02    9.555e-03
    2      40    8.752439e-01    0.000e+00    9.657e+01    1.883e-03
    3      49    8.131815e-01    0.000e+00    9.790e+01    2.242e-03
    4      60    8.109310e-01    0.000e+00    8.403e+01    2.452e-03
    5      68    7.666774e-01    0.000e+00    8.023e+01    4.228e-04
    6      78    4.646497e-01    0.000e+00    1.702e+02    2.237e-02
    7      85    3.545939e-02    0.000e+00    3.330e+01    1.335e-01
    8      93    2.384426e-02    0.000e+00    2.227e+01    7.039e-02
    9     111    2.383325e-02    0.000e+00    1.838e+01    7.817e-05
   10     119    2.382496e-02    0.000e+00    1.815e+01    3.591e-05
   11     130    2.257062e-02    0.000e+00    9.931e+00    6.782e-05
   12     138    2.257615e-02    0.000e+00    1.465e+01    5.014e-04
   13     154    2.257186e-02    0.000e+00    1.382e+01    2.242e-05
   14     161    2.201555e-02    0.000e+00    4.747e+01    5.139e-02
   15     168    2.213687e-02    0.000e+00    1.640e+01    9.374e-02
   16     175    2.170020e-02    0.000e+00    2.166e+01    3.102e-02
   17     182    2.193808e-02    0.000e+00    3.965e+01    3.982e-02
   18     189    2.124437e-02    0.000e+00    4.060e+01    1.399e-02
   19     196    2.097225e-02    0.000e+00    2.070e+01    5.390e-03
   20     203    2.045042e-02    0.000e+00    3.098e+01    4.639e-03
   21     210    1.970943e-02    0.000e+00    3.824e+01    2.600e-03
   22     217    1.925366e-02    0.000e+00    3.964e+01    2.066e-03
   23     227    1.797485e-02    0.000e+00    2.327e+01    6.774e-03
   24     234    1.794714e-02    0.000e+00    2.717e+01    3.353e-03
   25     257    1.794479e-02    0.000e+00    3.086e+01    1.855e-06
   26     265    1.794422e-02    0.000e+00    2.230e+01    6.391e-07
   27     272    1.769718e-02    0.000e+00    2.221e+01    2.576e-03
   28     279    1.721859e-02    0.000e+00    1.884e+01    5.003e-03
   29     286    1.628848e-02    0.000e+00    2.756e+01    3.193e-03
   30     293    1.437215e-02    0.000e+00    5.507e+01    5.877e-03

                                            First-order      Norm of
 Iter F-count            f(x)  Feasibility   optimality         step
   31     303    1.395599e-02    0.000e+00    6.147e+01    2.101e-03
   32     310    1.369148e-02    0.000e+00    6.301e+01    1.751e-03
   33     317    1.303055e-02    0.000e+00    5.329e+01    1.794e-03
   34     324    1.143866e-02    0.000e+00    3.966e+01    3.038e-03
   35     331    9.688071e-03    0.000e+00    3.927e+01    1.559e-03
   36     338    6.387473e-03    0.000e+00    2.771e+01    7.167e-03
   37     345    3.074848e-03    0.000e+00    1.443e+01    5.938e-03
   38     352    2.113509e-03    0.000e+00    8.675e+00    5.511e-03
   39     359    1.357768e-03    0.000e+00    6.008e+00    4.696e-04
   40     367    7.308404e-04    0.000e+00    1.259e+01    8.396e-04
   41     374    5.360619e-04    0.000e+00    7.146e+00    9.287e-05
   42     381    2.237730e-04    0.000e+00    1.619e+00    2.369e-04
   43     388    1.613372e-04    0.000e+00    2.165e+00    6.019e-04
   44     395    1.419003e-04    0.000e+00    7.723e-01    2.999e-04
   45     402    1.457893e-04    0.000e+00    1.042e+00    5.870e-05
   46     409    1.452612e-04    0.000e+00    1.001e+00    1.945e-05
   47     426    1.452575e-04    0.000e+00    1.063e+00    1.959e-07
   48     440    1.452540e-04    0.000e+00    1.047e+00    1.187e-08
   49     447    1.454658e-04    0.000e+00    1.322e+00    2.658e-06
   50     455    1.452844e-04    0.000e+00    1.276e+00    1.098e-06
   51     462    1.451761e-04    0.000e+00    1.177e+00    6.766e-07
   52     469    1.451955e-04    0.000e+00    1.171e+00    3.153e-06
   53     488    1.451890e-04    0.000e+00    1.190e+00    4.769e-08
   54     497    1.451754e-04    0.000e+00    1.066e+00    7.818e-08
   55     508    1.451454e-04    0.000e+00    1.111e+00    3.220e-07
   56     517    1.451360e-04    0.000e+00    1.100e+00    1.386e-07
   57     528    1.451293e-04    0.000e+00    1.050e+00    2.699e-07
   58     535    1.455261e-04    0.000e+00    1.079e+00    1.560e-06
   59     542    1.466779e-04    0.000e+00    1.210e+00    8.701e-06
   60     549    1.494874e-04    0.000e+00    9.653e-01    1.464e-05

                                            First-order      Norm of
 Iter F-count            f(x)  Feasibility   optimality         step
   61     556    1.483631e-04    0.000e+00    9.849e-01    1.182e-05
   62     563    1.443390e-04    0.000e+00    1.094e+00    9.111e-06
   63     570    1.418729e-04    0.000e+00    9.091e-01    6.186e-06
   64     577    1.426877e-04    0.000e+00    7.625e-01    4.439e-06
   65     584    1.439200e-04    0.000e+00    7.757e-01    4.639e-06
   66     591    1.447139e-04    0.000e+00    8.180e-01    3.553e-06
   67     598    1.460479e-04    0.000e+00    7.954e-01    9.812e-06
   68     605    1.446895e-04    0.000e+00    6.679e-01    3.150e-06
   69     612    1.428435e-04    0.000e+00    6.313e-01    5.124e-06
   70     619    1.422629e-04    0.000e+00    7.387e-01    1.743e-06
   71     628    1.416004e-04    0.000e+00    7.354e-01    2.329e-06
   72     635    1.415432e-04    0.000e+00    7.475e-01    1.093e-06
   73     642    1.414587e-04    0.000e+00    6.934e-01    2.169e-06
   74     649    1.419195e-04    0.000e+00    5.214e-01    6.483e-06
   75     656    1.416701e-04    0.000e+00    5.319e-01    5.992e-07
   76     663    1.408042e-04    0.000e+00    9.226e-01    8.199e-06
   77     670    1.371608e-04    0.000e+00    1.459e+00    1.191e-05
   78     677    1.351050e-04    0.000e+00    7.036e-01    7.791e-06
   79     684    1.338678e-04    0.000e+00    4.800e-01    5.993e-06
   80     691    1.324208e-04    0.000e+00    4.129e-01    5.713e-06
   81     698    1.307943e-04    0.000e+00    4.250e-01    6.399e-06
   82     705    1.273395e-04    0.000e+00    1.916e-01    2.566e-05
   83     712    1.261601e-04    0.000e+00    1.194e-01    6.074e-06
   84     719    1.248383e-04    0.000e+00    1.000e-01    3.935e-06
   85     726    4.275712e-05    0.000e+00    9.880e-01    5.005e-03
   86     734    4.519415e-06    0.000e+00    4.016e-01    2.964e-03
   87     741    8.214119e-06    0.000e+00    2.052e-01    2.639e-03
   88     748    7.774799e-06    0.000e+00    1.180e-01    1.208e-04
   89     755    6.857270e-06    0.000e+00    8.313e-02    7.621e-05
   90     762    6.516035e-06    0.000e+00    3.253e-02    3.956e-05

                                            First-order      Norm of
 Iter F-count            f(x)  Feasibility   optimality         step
   91     769    6.623951e-06    0.000e+00    3.303e-02    1.260e-05
   92     776    6.652524e-06    0.000e+00    2.000e-02    2.311e-06
   93     783    3.997350e-07    0.000e+00    2.461e-02    1.378e-03
   94     790    2.925208e-07    0.000e+00    1.471e-02    7.516e-05
   95     797    2.415699e-07    0.000e+00    1.401e-02    1.928e-05
   96     804    2.704213e-07    0.000e+00    5.254e-03    1.787e-05
   97     811    2.788209e-07    0.000e+00    4.000e-03    5.507e-06
   98     818    1.704467e-08    0.000e+00    1.323e-02    2.900e-04
   99     825    1.214284e-08    0.000e+00    4.908e-03    7.233e-06
  100     835    1.197544e-08    0.000e+00    2.726e-03    4.224e-06
  101     854    1.197195e-08    0.000e+00    3.146e-03    4.483e-09

Optimization stopped because the <a href = "matlab: helpview('optim','norm_curr_step_fminconip','CSHelpWindow');">relative changes in all elements of x</a> are
less than <a href = "matlab: helpview('optim','tolx','CSHelpWindow');">options.StepTolerance</a> = 1.000000e-10, and the relative maximum constraint
violation, 0.000000e+00, is less than <a href = "matlab: helpview('optim','tol_con','CSHelpWindow');">options.ConstraintTolerance</a> = 1.000000e-06.

<strong><< OPTIMIZATION COMPLETE >></strong>

Optimization Processing Time:
Total                = 11.6919 seconds
Avg. per Iteration   = 0.1135 seconds
Avg. per Func. Eval. = 0.0135 seconds

<strong>> Table 1 - States</strong>
                         <strong>Value</strong> 
                        <strong>_______</strong>

    <strong>1) xe    [m]    </strong>     0.0000
    <strong>2) ye    [m]    </strong>     0.0000
    <strong>3) ze    [m]    </strong>    -5.0000
    <strong>4) u     [m/s]  </strong>    69.9934
    <strong>5) v     [m/s]  </strong>     0.0000
    <strong>6) w     [m/s]  </strong>     0.9645
    <strong>7) phi   [deg]  </strong>     0.0000
    <strong>8) theta [deg]  </strong>     0.7894
    <strong>9) psi   [deg]  </strong>     0.0000
    <strong>10) p    [deg/s]</strong>     0.0000
    <strong>11) q    [deg/s]</strong>     0.0000
    <strong>12) r    [deg/s]</strong>     0.0000


<strong>> Table 2 - Control Inputs</strong>
                           <strong>Value</strong> 
                          <strong>_______</strong>

    <strong>1) dAileron  [deg]</strong>     0.0000
    <strong>2) dRudder   [deg]</strong>     0.0000
    <strong>3) dElevator [deg]</strong>    -0.0976
    <strong>4) dFlap     [deg]</strong>     0.0000
    <strong>5) DEP_col   [deg]</strong>     0.0000
    <strong>6) DEP_slope [deg]</strong>     0.0000
    <strong>7) HTU       [deg]</strong>     0.5466


<strong>> Table 3 - Accelerations</strong>
                             <strong>Value</strong> 
                            <strong>_______</strong>

    <strong>1) xedot    [m/s]   </strong>    70.0000
    <strong>2) yedot    [m/s]   </strong>     0.0000
    <strong>3) zedot    [m/s]   </strong>    -0.0000
    <strong>4) udot     [m/s2]  </strong>    -0.0001
    <strong>5) vdot     [m/s2]  </strong>     0.0000
    <strong>6) wdot     [m/s2]  </strong>     0.0000
    <strong>7) phidot   [deg/s] </strong>     0.0000
    <strong>8) thetadot [deg/s] </strong>     0.0000
    <strong>9) psidot   [deg/s] </strong>     0.0000
    <strong>10) pdot    [deg/s2]</strong>     0.0000
    <strong>11) qdot    [deg/s2]</strong>    -0.0000
    <strong>12) rdot    [deg/s2]</strong>     0.0000

