<strong><< OPTIMIZATION START >></strong>

                                            First-order      Norm of
 Iter F-count            f(x)  Feasibility   optimality         step
    0       6    1.910914e+01    0.000e+00    3.031e+02
    1      15    1.164412e+01    0.000e+00    5.103e+02    7.587e-02
    2      23    1.052970e+01    0.000e+00    6.216e+02    1.475e-02
    3      29    4.506234e+00    0.000e+00    3.147e+02    1.108e-01
    4      43    3.522860e+00    0.000e+00    4.703e+02    2.181e-02
    5      50    3.504193e+00    0.000e+00    1.774e+02    9.779e-04
    6      61    3.336190e+00    0.000e+00    6.932e+01    4.074e-02
    7      67    2.830360e+00    0.000e+00    2.629e+02    3.118e-01
    8      74    2.311351e+00    0.000e+00    1.397e+02    3.907e-01
    9      81    2.323686e+00    0.000e+00    4.356e+02    5.510e-01
   10      95    2.164173e+00    0.000e+00    1.618e+02    1.228e-02
   11     102    1.777092e+00    0.000e+00    1.146e+02    6.589e-02
   12     108    9.108923e-01    0.000e+00    1.201e+02    6.071e-01
   13     115    4.940046e-01    0.000e+00    4.974e+01    2.361e-01
   14     123    4.441938e-01    0.000e+00    5.182e+01    5.944e-02
   15     130    2.852189e-01    0.000e+00    4.381e+01    1.120e-01
   16     136    2.000761e-01    0.000e+00    1.756e+01    4.355e-02
   17     143    1.905513e-01    0.000e+00    4.867e+01    9.274e-02
   18     149    1.007023e-01    0.000e+00    2.310e+01    1.018e-02
   19     155    5.282789e-02    0.000e+00    2.071e+01    1.299e-02
   20     161    3.953516e-02    0.000e+00    2.053e+01    2.785e-03
   21     170    4.063530e-02    0.000e+00    2.175e+01    1.233e-02
   22     176    3.517404e-02    0.000e+00    7.290e+01    1.645e-02
   23     190    3.490269e-02    0.000e+00    4.785e+00    3.289e-04
   24     197    3.466409e-02    0.000e+00    8.968e+01    2.103e-03
   25     207    3.250624e-02    0.000e+00    1.294e+01    2.743e-03
   26     215    3.252179e-02    0.000e+00    3.975e+01    2.048e-03
   27     225    2.972055e-02    0.000e+00    6.203e+00    2.136e-03
   28     232    2.757550e-02    0.000e+00    1.858e+01    8.521e-03
   29     238    2.654545e-02    0.000e+00    3.228e+01    5.351e-03
   30     247    2.631735e-02    0.000e+00    1.497e+01    1.396e-02

                                            First-order      Norm of
 Iter F-count            f(x)  Feasibility   optimality         step
   31     254    3.079276e-02    0.000e+00    1.352e+01    3.456e-02
   32     260    2.255110e-02    0.000e+00    4.933e+00    1.487e-02
   33     266    2.010959e-02    0.000e+00    3.468e+01    9.619e-03
   34     272    2.127691e-02    0.000e+00    3.748e+01    9.944e-03
   35     290    2.127783e-02    0.000e+00    1.251e+01    8.060e-06
   36     296    2.135617e-02    0.000e+00    9.354e+00    2.081e-03
   37     302    1.967586e-02    0.000e+00    9.471e+00    4.370e-03
   38     310    1.580371e-02    0.000e+00    9.566e+00    1.451e-02
   39     317    1.669155e-02    0.000e+00    1.179e+01    6.118e-03
   40     323    1.776982e-02    0.000e+00    1.636e+01    7.375e-03
   41     330    1.853085e-02    0.000e+00    1.234e+01    4.681e-03
   42     336    1.822437e-02    0.000e+00    3.117e+01    1.446e-03
   43     343    1.479593e-02    0.000e+00    2.938e+01    1.728e-02
   44     349    1.482805e-02    0.000e+00    9.926e+00    9.592e-03
   45     355    1.726374e-02    0.000e+00    1.016e+01    1.598e-02
   46     361    1.632801e-02    0.000e+00    2.351e+01    5.423e-03
   47     370    1.544490e-02    0.000e+00    2.240e+01    5.686e-03
   48     380    1.540386e-02    0.000e+00    1.561e+01    2.182e-05
   49     386    1.543299e-02    0.000e+00    3.022e+01    1.316e-03
   50     396    1.506479e-02    0.000e+00    8.167e+00    5.410e-04
   51     404    1.546311e-02    0.000e+00    1.333e+01    2.753e-03
   52     412    1.573052e-02    0.000e+00    1.327e+01    2.362e-03
   53     421    1.432071e-02    0.000e+00    1.584e+01    5.936e-03
   54     427    1.514764e-02    0.000e+00    1.289e+01    6.761e-03
   55     433    1.501168e-02    0.000e+00    1.338e+01    1.280e-03
   56     442    1.489717e-02    0.000e+00    3.053e+01    1.033e-03
   57     448    1.499177e-02    0.000e+00    1.213e+01    7.019e-04
   58     462    1.500799e-02    0.000e+00    6.249e+00    1.062e-05
   59     469    1.501727e-02    0.000e+00    4.856e+00    8.737e-05
   60     479    1.501617e-02    0.000e+00    6.668e+00    5.671e-07

                                            First-order      Norm of
 Iter F-count            f(x)  Feasibility   optimality         step
   61     489    1.501531e-02    0.000e+00    6.643e+00    4.632e-07
   62     496    1.503326e-02    0.000e+00    1.309e+01    1.756e-04
   63     502    1.525412e-02    0.000e+00    1.308e+01    2.234e-03
   64     508    1.542644e-02    0.000e+00    1.279e+01    1.865e-03
   65     514    1.525098e-02    0.000e+00    1.842e+01    1.273e-03
   66     522    1.448776e-02    0.000e+00    1.752e+01    5.843e-03
   67     528    1.460478e-02    0.000e+00    1.988e+01    1.193e-03
   68     534    1.475728e-02    0.000e+00    1.304e+01    2.551e-03
   69     540    1.489323e-02    0.000e+00    2.153e+01    1.287e-03
   70     546    1.478507e-02    0.000e+00    1.635e+01    9.886e-04
   71     552    1.457663e-02    0.000e+00    1.305e+01    9.994e-04
   72     558    1.451813e-02    0.000e+00    1.303e+01    2.221e-04
   73     564    1.371161e-02    0.000e+00    1.206e+01    2.645e-03
   74     570    1.414954e-02    0.000e+00    1.780e+01    6.639e-04
   75     576    1.428959e-02    0.000e+00    1.298e+01    1.498e-03
   76     582    1.417710e-02    0.000e+00    1.359e+01    7.831e-04
   77     589    1.304647e-02    0.000e+00    1.387e+01    8.126e-03
   78     599    1.300987e-02    0.000e+00    5.668e-01    2.148e-05
   79     606    1.137108e-02    0.000e+00    4.716e+00    2.099e-02
   80     612    1.130671e-02    0.000e+00    4.290e+00    3.896e-03
   81     618    1.131227e-02    0.000e+00    1.803e+01    4.226e-04
   82     626    1.143707e-02    0.000e+00    2.009e+01    5.991e-03
   83     637    1.147333e-02    0.000e+00    1.595e+00    6.178e-04
   84     643    1.101228e-02    0.000e+00    1.186e+01    6.752e-03
   85     649    1.068112e-02    0.000e+00    1.568e+01    3.541e-03
   86     655    1.082212e-02    0.000e+00    1.869e+01    5.956e-03
   87     661    1.087719e-02    0.000e+00    1.567e+01    2.105e-03
   88     667    1.073745e-02    0.000e+00    1.572e+01    4.949e-03
   89     673    1.069965e-02    0.000e+00    4.764e+00    3.161e-04
   90     680    1.070797e-02    0.000e+00    2.234e+01    4.738e-04

                                            First-order      Norm of
 Iter F-count            f(x)  Feasibility   optimality         step
   91     688    1.072277e-02    0.000e+00    1.567e+01    9.233e-04
   92     694    1.072737e-02    0.000e+00    1.827e+01    3.459e-04
   93     700    1.068588e-02    0.000e+00    1.569e+01    6.726e-04
   94     706    1.064014e-02    0.000e+00    1.567e+01    6.109e-04
   95     714    1.043874e-02    0.000e+00    1.556e+01    3.830e-03
   96     720    1.049121e-02    0.000e+00    1.822e+01    1.631e-03
   97     726    1.049202e-02    0.000e+00    1.563e+01    4.429e-04
   98     732    1.037989e-02    0.000e+00    1.677e+01    1.307e-03
   99     738    1.040916e-02    0.000e+00    4.897e+00    7.164e-03
  100     744    9.583179e-03    0.000e+00    1.558e+01    2.244e-03
  101     756    9.456173e-03    0.000e+00    4.737e-01    2.560e-04
  102     763    9.318277e-03    0.000e+00    1.255e+01    1.653e-03
  103     772    8.916362e-03    0.000e+00    1.407e+01    6.544e-03
  104     778    8.798088e-03    0.000e+00    5.195e+00    2.014e-03
  105     784    8.823923e-03    0.000e+00    1.300e+01    2.832e-03
  106     790    9.015671e-03    0.000e+00    1.531e+01    8.649e-03
  107     796    8.886996e-03    0.000e+00    1.534e+01    4.792e-03
  108     802    8.863007e-03    0.000e+00    1.534e+01    2.798e-04
  109     808    8.790347e-03    0.000e+00    1.700e+01    5.731e-05
  110     814    8.347566e-03    0.000e+00    1.524e+01    2.535e-04
  111     820    7.473242e-03    0.000e+00    9.892e+00    1.279e-03
  112     826    7.355522e-03    0.000e+00    1.607e+01    7.340e-04
  113     832    7.324551e-03    0.000e+00    1.278e+01    3.822e-04
  114     850    7.324096e-03    0.000e+00    1.554e+00    3.263e-06
  115     856    7.317833e-03    0.000e+00    5.736e+00    1.377e-04
  116     862    7.189301e-03    0.000e+00    7.997e+00    1.743e-03
  117     868    6.481776e-03    0.000e+00    7.219e+00    5.209e-03
  118     874    6.031763e-03    0.000e+00    5.944e-01    4.609e-03
  119     880    5.804780e-03    0.000e+00    1.582e+00    2.880e-03
  120     886    5.858553e-03    0.000e+00    6.308e+00    1.030e-03

                                            First-order      Norm of
 Iter F-count            f(x)  Feasibility   optimality         step
  121     892    5.867851e-03    0.000e+00    2.600e+00    8.006e-04
  122     898    5.863664e-03    0.000e+00    2.663e+00    1.394e-04
  123     904    5.816049e-03    0.000e+00    5.885e+00    3.550e-04
  124     910    5.752581e-03    0.000e+00    1.119e+00    5.619e-04
  125     918    5.313660e-03    0.000e+00    2.560e+00    5.175e-03
  126     924    5.396108e-03    0.000e+00    3.536e+00    4.202e-03
  127     930    5.420600e-03    0.000e+00    4.746e+00    1.820e-03
  128     941    5.420185e-03    0.000e+00    5.638e-01    6.750e-06
  129     947    5.403528e-03    0.000e+00    1.596e+00    1.192e-04
  130     953    5.244193e-03    0.000e+00    6.055e+00    1.034e-03
  131     959    5.351192e-03    0.000e+00    2.896e+00    1.238e-03
  132     975    5.350534e-03    0.000e+00    1.801e+00    3.233e-06
  133     981    5.324984e-03    0.000e+00    8.495e-01    2.450e-05
  134     987    5.241213e-03    0.000e+00    2.434e+00    7.867e-05
  135     993    5.083070e-03    0.000e+00    1.689e+00    2.982e-04
  136    1002    5.068046e-03    0.000e+00    2.512e+00    1.341e-04
  137    1008    5.075403e-03    0.000e+00    2.057e+00    1.357e-04
  138    1014    5.075086e-03    0.000e+00    2.190e+00    3.313e-04
  139    1020    5.053167e-03    0.000e+00    1.646e+00    7.715e-04
  140    1026    4.981891e-03    0.000e+00    1.545e+00    1.197e-04
  141    1032    4.651263e-03    0.000e+00    1.213e+00    3.171e-04
  142    1038    4.600557e-03    0.000e+00    2.252e+00    2.042e-04
  143    1044    4.574986e-03    0.000e+00    1.177e+00    3.859e-05
  144    1051    4.580373e-03    0.000e+00    3.839e+00    2.225e-05
  145    1059    4.597282e-03    0.000e+00    3.113e+00    7.536e-05
  146    1069    4.593578e-03    0.000e+00    3.985e-01    1.036e-05
  147    1082    4.587856e-03    0.000e+00    3.786e+00    5.622e-05
  148    1089    4.580402e-03    0.000e+00    5.031e+00    2.029e-05
  149    1099    4.575327e-03    0.000e+00    4.027e+00    4.287e-06
  150    1109    4.585842e-03    0.000e+00    1.130e+00    5.577e-05

                                            First-order      Norm of
 Iter F-count            f(x)  Feasibility   optimality         step
  151    1116    4.594760e-03    0.000e+00    4.828e-01    4.153e-05
  152    1123    4.606828e-03    0.000e+00    2.974e+00    8.647e-05
  153    1130    4.609715e-03    0.000e+00    1.944e+00    4.318e-05
  154    1136    4.593428e-03    0.000e+00    2.446e+00    3.160e-05
  155    1144    4.588804e-03    0.000e+00    2.316e+00    2.382e-05
  156    1150    4.584870e-03    0.000e+00    1.556e+00    4.173e-05
  157    1156    4.580719e-03    0.000e+00    1.775e+00    1.397e-05
  158    1162    4.577272e-03    0.000e+00    1.416e+00    1.217e-05
  159    1168    4.545934e-03    0.000e+00    6.125e-01    1.237e-04
  160    1175    4.459438e-03    0.000e+00    6.861e-01    4.596e-04
  161    1181    4.452914e-03    0.000e+00    1.190e+00    1.021e-04
  162    1188    4.487724e-03    0.000e+00    1.147e+00    2.975e-04
  163    1194    4.465453e-03    0.000e+00    2.905e+00    7.500e-05
  164    1202    4.429838e-03    0.000e+00    4.144e+00    1.704e-04
  165    1214    4.428855e-03    0.000e+00    6.635e-01    2.902e-06
  166    1225    4.428395e-03    0.000e+00    3.525e+00    1.506e-06
  167    1231    4.427307e-03    0.000e+00    4.672e+00    9.907e-05
  168    1237    4.394531e-03    0.000e+00    1.266e+00    4.452e-05
  169    1243    4.346445e-03    0.000e+00    9.557e-01    7.634e-05
  170    1249    4.206754e-03    0.000e+00    8.750e+00    5.907e-04
  171    1255    4.162009e-03    0.000e+00    4.214e+00    3.499e-04
  172    1261    4.172890e-03    0.000e+00    4.092e+00    1.100e-04
  173    1267    4.174983e-03    0.000e+00    1.231e+00    1.722e-04
  174    1276    4.174038e-03    0.000e+00    1.107e+00    6.417e-06
  175    1282    4.154914e-03    0.000e+00    1.549e+00    8.060e-05
  176    1288    4.152175e-03    0.000e+00    5.606e+00    1.461e-05
  177    1294    3.946985e-03    0.000e+00    2.170e+00    9.773e-04
  178    1310    3.947252e-03    0.000e+00    8.338e-01    7.386e-06
  179    1316    3.929298e-03    0.000e+00    3.078e+00    7.169e-04
  180    1322    3.921990e-03    0.000e+00    3.748e+00    1.123e-04

                                            First-order      Norm of
 Iter F-count            f(x)  Feasibility   optimality         step
  181    1335    3.921869e-03    0.000e+00    1.068e+00    1.473e-07
  182    1341    3.903793e-03    0.000e+00    1.301e+00    6.393e-05
  183    1347    3.820090e-03    0.000e+00    1.830e+00    9.108e-05
  184    1353    3.255427e-03    0.000e+00    1.528e+00    1.897e-04
  185    1359    2.222217e-03    0.000e+00    4.881e+00    7.080e-04
  186    1374    2.224198e-03    0.000e+00    3.013e+00    1.598e-05
  187    1380    2.221741e-03    0.000e+00    3.971e+00    3.810e-05
  188    1386    2.214697e-03    0.000e+00    2.800e+00    1.254e-05
  189    1392    2.200265e-03    0.000e+00    9.429e+00    2.081e-05
  190    1398    1.381845e-03    0.000e+00    1.724e+00    1.197e-03
  191    1404    1.262651e-03    0.000e+00    2.221e+00    9.723e-05
  192    1411    1.237545e-03    0.000e+00    9.005e+00    8.070e-04
  193    1417    1.210884e-03    0.000e+00    3.955e+00    5.739e-04
  194    1423    1.188696e-03    0.000e+00    1.874e+00    2.508e-04
  195    1429    1.190162e-03    0.000e+00    1.787e+00    5.441e-05
  196    1442    1.187832e-03    0.000e+00    2.298e+00    5.157e-06
  197    1448    1.189141e-03    0.000e+00    1.684e+00    4.678e-06
  198    1456    1.186275e-03    0.000e+00    1.818e+00    3.693e-05
  199    1462    1.188505e-03    0.000e+00    2.040e+00    1.703e-05
  200    1468    1.188160e-03    0.000e+00    3.646e+00    6.221e-06
  201    1474    1.188378e-03    0.000e+00    3.520e+00    2.196e-05
  202    1482    1.214160e-03    0.000e+00    2.661e+00    2.749e-04
  203    1488    1.139096e-03    0.000e+00    7.063e+00    2.079e-04
  204    1494    1.101167e-03    0.000e+00    3.601e+00    8.489e-05
  205    1504    1.000298e-03    0.000e+00    2.242e+00    7.128e-05
  206    1510    8.103203e-04    0.000e+00    2.802e+00    1.286e-03
  207    1516    5.830416e-04    0.000e+00    2.350e+00    7.046e-04
  208    1523    2.636604e-04    0.000e+00    2.166e+00    6.578e-04
  209    1529    1.941108e-04    0.000e+00    1.710e+00    3.664e-04
  210    1535    1.837808e-04    0.000e+00    1.527e+00    4.627e-05

                                            First-order      Norm of
 Iter F-count            f(x)  Feasibility   optimality         step
  211    1544    1.841607e-04    0.000e+00    1.499e+00    6.289e-06
  212    1550    1.857161e-04    0.000e+00    1.482e+00    1.563e-05
  213    1556    1.969370e-04    0.000e+00    1.297e+00    3.241e-05
  214    1562    1.909341e-04    0.000e+00    1.328e+00    3.691e-05
  215    1568    1.831831e-04    0.000e+00    1.751e+00    6.058e-05
  216    1574    1.462002e-04    0.000e+00    4.300e-01    3.571e-04
  217    1580    1.321436e-04    0.000e+00    6.885e-01    1.520e-04
  218    1588    1.280051e-04    0.000e+00    8.326e-01    1.155e-04
  219    1594    1.255330e-04    0.000e+00    9.235e-01    7.704e-05
  220    1600    1.260839e-04    0.000e+00    7.723e-01    3.398e-05
  221    1606    1.262081e-04    0.000e+00    7.491e-01    9.038e-06
  222    1612    1.278469e-04    0.000e+00    9.172e-01    2.665e-05
  223    1618    1.294143e-04    0.000e+00    8.452e-01    7.798e-06
  224    1624    1.293920e-04    0.000e+00    9.141e-01    7.124e-06
  225    1630    1.282048e-04    0.000e+00    9.818e-01    3.324e-05
  226    1636    1.275168e-04    0.000e+00    9.154e-01    8.457e-06
  227    1642    1.276756e-04    0.000e+00    9.011e-01    1.006e-05
  228    1648    1.274111e-04    0.000e+00    1.304e+00    9.359e-06
  229    1654    1.269616e-04    0.000e+00    1.079e+00    1.647e-05
  230    1660    1.231685e-04    0.000e+00    6.505e-01    4.110e-05
  231    1666    1.221548e-04    0.000e+00    8.849e-01    6.808e-05
  232    1679    1.213719e-04    0.000e+00    5.730e-01    2.303e-06
  233    1686    1.213173e-04    0.000e+00    5.723e-01    1.683e-05
  234    1695    1.210985e-04    0.000e+00    3.767e-01    1.259e-06
  235    1701    1.220522e-04    0.000e+00    4.911e-01    4.934e-05
  236    1712    1.244934e-04    0.000e+00    5.801e-01    8.287e-06
  237    1719    1.267368e-04    0.000e+00    3.730e-01    1.479e-04
  238    1725    1.227546e-04    0.000e+00    3.935e-01    1.241e-04
  239    1731    1.156354e-04    0.000e+00    3.494e-01    1.894e-04
  240    1737    1.176323e-04    0.000e+00    4.502e-01    6.135e-05

                                            First-order      Norm of
 Iter F-count            f(x)  Feasibility   optimality         step
  241    1743    1.334206e-04    0.000e+00    5.677e-01    4.857e-04
  242    1753    1.314291e-04    0.000e+00    4.693e-01    1.245e-05
  243    1759    1.014022e-04    0.000e+00    3.191e-01    7.559e-04
  244    1765    1.097821e-04    0.000e+00    4.812e-01    1.676e-05
  245    1771    1.119568e-04    0.000e+00    1.269e+00    9.276e-05
  246    1779    1.197507e-04    0.000e+00    6.471e-01    5.554e-04
  247    1785    1.222374e-04    0.000e+00    1.076e+00    3.557e-04
  248    1796    1.142233e-04    0.000e+00    1.376e+00    2.077e-04
  249    1802    1.230726e-04    0.000e+00    3.206e-01    3.689e-05
  250    1808    1.588893e-04    0.000e+00    2.719e-01    1.474e-04
  251    1814    1.595487e-04    0.000e+00    4.399e-01    8.004e-05
  252    1824    1.513326e-04    0.000e+00    7.688e-02    1.838e-05
  253    1833    1.466891e-04    0.000e+00    3.330e-01    3.930e-05
  254    1839    1.404758e-04    0.000e+00    2.829e-01    3.827e-04
  255    1845    1.741793e-04    0.000e+00    1.136e+00    7.804e-04
  256    1851    1.569448e-04    0.000e+00    5.361e+00    3.954e-04
  257    1868    1.571413e-04    0.000e+00    3.545e-01    1.423e-06
  258    1878    1.570516e-04    0.000e+00    5.785e-02    7.679e-07
  259    1885    1.568007e-04    0.000e+00    1.017e+00    6.262e-06
  260    1891    1.560967e-04    0.000e+00    1.080e+00    8.510e-05
  261    1907    1.560905e-04    0.000e+00    7.422e-01    1.377e-08
  262    1914    1.560918e-04    0.000e+00    7.422e-01    3.335e-08
  263    1929    1.560914e-04    0.000e+00    7.422e-01    1.787e-09
  264    1936    1.560913e-04    0.000e+00    7.422e-01    2.061e-09
  265    1949    1.560912e-04    0.000e+00    7.422e-01    4.468e-10
  266    1956    1.560912e-04    0.000e+00    7.422e-01    5.188e-10
  267    1969    1.560912e-04    0.000e+00    7.422e-01    1.117e-10
  268    1976    1.560912e-04    0.000e+00    7.422e-01    1.297e-10
  269    1988    1.560911e-04    0.000e+00    7.422e-01    5.585e-11

<a href = "matlab: helpview('optim','feasible_better_objective','CSHelpWindow');">Feasible point with lower objective function value found</a>.


Optimization stopped because the <a href = "matlab: helpview('optim','norm_curr_step_fminconip','CSHelpWindow');">relative changes in all elements of x</a> are
less than <a href = "matlab: helpview('optim','tolx','CSHelpWindow');">options.StepTolerance</a> = 1.000000e-10, and the relative maximum constraint
violation, 0.000000e+00, is less than <a href = "matlab: helpview('optim','tol_con','CSHelpWindow');">options.ConstraintTolerance</a> = 1.000000e-06.

<strong><< OPTIMIZATION COMPLETE >></strong>

Optimization Processing Time:
Total                = 30.3909 seconds
Avg. per Iteration   = 0.1126 seconds
Avg. per Func. Eval. = 0.0153 seconds

<strong>> Table 1 - States</strong>
                          <strong>Value</strong>   
                        <strong>__________</strong>

    <strong>1) xe    [m]    </strong>        0.0000
    <strong>2) ye    [m]    </strong>        0.0000
    <strong>3) ze    [m]    </strong>    -1219.0000
    <strong>4) u     [m/s]  </strong>       72.5893
    <strong>5) v     [m/s]  </strong>        0.0000
    <strong>6) w     [m/s]  </strong>       -4.6404
    <strong>7) phi   [deg]  </strong>        0.0000
    <strong>8) theta [deg]  </strong>       -3.6546
    <strong>9) psi   [deg]  </strong>        0.0000
    <strong>10) p    [deg/s]</strong>        0.0000
    <strong>11) q    [deg/s]</strong>        0.0000
    <strong>12) r    [deg/s]</strong>        0.0000


<strong>> Table 2 - Control Inputs</strong>
                           <strong>Value</strong> 
                          <strong>_______</strong>

    <strong>1) dAileron  [deg]</strong>     0.0000
    <strong>2) dRudder   [deg]</strong>     0.0000
    <strong>3) dElevator [deg]</strong>     4.3908
    <strong>4) dFlap     [deg]</strong>    12.0000
    <strong>5) DEP_col   [deg]</strong>     0.0000
    <strong>6) DEP_slope [deg]</strong>     0.0000
    <strong>7) HTU       [deg]</strong>     0.5768


<strong>> Table 3 - Accelerations</strong>
                             <strong>Value</strong> 
                            <strong>_______</strong>

    <strong>1) xedot    [m/s]   </strong>    72.7375
    <strong>2) yedot    [m/s]   </strong>     0.0000
    <strong>3) zedot    [m/s]   </strong>    -0.0040
    <strong>4) udot     [m/s2]  </strong>    -0.0101
    <strong>5) vdot     [m/s2]  </strong>     0.0000
    <strong>6) wdot     [m/s2]  </strong>    -0.0055
    <strong>7) phidot   [deg/s] </strong>     0.0000
    <strong>8) thetadot [deg/s] </strong>     0.0000
    <strong>9) psidot   [deg/s] </strong>     0.0000
    <strong>10) pdot    [deg/s2]</strong>     0.0000
    <strong>11) qdot    [deg/s2]</strong>     0.0069
    <strong>12) rdot    [deg/s2]</strong>     0.0000


Va_actual =

   72.7375


Va_error =

   -0.0025


f0 =

   1.5466e-04

